0.00000000e+000	0.00000000e+000	
8.53902602e-004	0.00000000e+000	
1.70780520e-003	0.00000000e+000	
2.56170781e-003	0.00000000e+000	
3.41561041e-003	0.00000000e+000	
4.26951301e-003	0.00000000e+000	
5.12341561e-003	0.00000000e+000	
5.97731821e-003	0.00000000e+000	
6.83122081e-003	0.00000000e+000	
7.68512342e-003	0.00000000e+000	
8.53902602e-003	0.00000000e+000	
9.39292862e-003	0.00000000e+000	
1.02468312e-002	0.00000000e+000	
1.11007338e-002	0.00000000e+000	
1.19546364e-002	0.00000000e+000	
1.28085390e-002	0.00000000e+000	
1.36624416e-002	0.00000000e+000	
1.45163442e-002	0.00000000e+000	
1.53702468e-002	0.00000000e+000	
1.62241494e-002	0.00000000e+000	
1.70780520e-002	0.00000000e+000	
1.79319546e-002	0.00000000e+000	
1.87858572e-002	0.00000000e+000	
1.96397598e-002	0.00000000e+000	
2.04936624e-002	0.00000000e+000	
2.13475650e-002	0.00000000e+000	
2.22014676e-002	0.00000000e+000	
2.30553702e-002	0.00000000e+000	
2.39092728e-002	0.00000000e+000	
2.47631755e-002	0.00000000e+000	
2.56170781e-002	0.00000000e+000	
2.64709807e-002	0.00000000e+000	
2.73248833e-002	0.00000000e+000	
2.81787859e-002	0.00000000e+000	
2.90326885e-002	0.00000000e+000	
2.98865911e-002	0.00000000e+000	
3.07404937e-002	0.00000000e+000	
3.15943963e-002	0.00000000e+000	
3.24482989e-002	0.00000000e+000	
3.33022015e-002	0.00000000e+000	
3.41561041e-002	0.00000000e+000	
3.50100067e-002	0.00000000e+000	
3.58639093e-002	0.00000000e+000	
3.67178119e-002	0.00000000e+000	
3.75717145e-002	0.00000000e+000	
3.84256171e-002	0.00000000e+000	
3.92795197e-002	0.00000000e+000	
4.01334223e-002	0.00000000e+000	
4.09873249e-002	0.00000000e+000	
4.18412275e-002	0.00000000e+000	
4.26951301e-002	0.00000000e+000	
4.35490327e-002	0.00000000e+000	
4.44029353e-002	0.00000000e+000	
4.52568379e-002	0.00000000e+000	
4.61107405e-002	0.00000000e+000	
4.69646431e-002	0.00000000e+000	
4.78185457e-002	0.00000000e+000	
4.86724483e-002	0.00000000e+000	
4.95263509e-002	0.00000000e+000	
5.03802535e-002	0.00000000e+000	
5.12341561e-002	0.00000000e+000	
5.20880587e-002	0.00000000e+000	
5.29419613e-002	0.00000000e+000	
5.37958639e-002	0.00000000e+000	
5.46497665e-002	0.00000000e+000	
5.55036691e-002	0.00000000e+000	
5.63575717e-002	0.00000000e+000	
5.72114743e-002	0.00000000e+000	
5.80653769e-002	0.00000000e+000	
5.89192795e-002	0.00000000e+000	
5.97731821e-002	0.00000000e+000	
6.06270847e-002	0.00000000e+000	
6.14809873e-002	0.00000000e+000	
6.23348899e-002	0.00000000e+000	
6.31887925e-002	0.00000000e+000	
6.40426951e-002	0.00000000e+000	
6.48965977e-002	0.00000000e+000	
6.57505003e-002	0.00000000e+000	
6.66044029e-002	0.00000000e+000	
6.74583055e-002	0.00000000e+000	
6.83122081e-002	0.00000000e+000	
6.91661107e-002	0.00000000e+000	
7.00200133e-002	0.00000000e+000	
7.08739159e-002	0.00000000e+000	
7.17278185e-002	0.00000000e+000	
7.25817211e-002	0.00000000e+000	
7.34356237e-002	0.00000000e+000	
7.42895264e-002	0.00000000e+000	
7.51434290e-002	0.00000000e+000	
7.59973316e-002	0.00000000e+000	
7.68512342e-002	0.00000000e+000	
7.77051368e-002	0.00000000e+000	
7.85590394e-002	0.00000000e+000	
7.94129420e-002	0.00000000e+000	
8.02668446e-002	0.00000000e+000	
8.11207472e-002	0.00000000e+000	
8.19746498e-002	0.00000000e+000	
8.28285524e-002	0.00000000e+000	
8.36824550e-002	0.00000000e+000	
8.45363576e-002	0.00000000e+000	
8.53902602e-002	0.00000000e+000	
8.62441628e-002	0.00000000e+000	
8.70980654e-002	0.00000000e+000	
8.79519680e-002	0.00000000e+000	
8.88058706e-002	0.00000000e+000	
8.96597732e-002	0.00000000e+000	
9.05136758e-002	0.00000000e+000	
9.13675784e-002	0.00000000e+000	
9.22214810e-002	0.00000000e+000	
9.30753836e-002	0.00000000e+000	
9.39292862e-002	0.00000000e+000	
9.47831888e-002	0.00000000e+000	
9.56370914e-002	0.00000000e+000	
9.64909940e-002	0.00000000e+000	
9.73448966e-002	0.00000000e+000	
9.81987992e-002	0.00000000e+000	
9.90527018e-002	0.00000000e+000	
9.99066044e-002	0.00000000e+000	
1.00760507e-001	0.00000000e+000	
1.01614410e-001	0.00000000e+000	
1.02468312e-001	0.00000000e+000	
1.03322215e-001	0.00000000e+000	
1.04176117e-001	0.00000000e+000	
1.05030020e-001	0.00000000e+000	
1.05883923e-001	0.00000000e+000	
1.06737825e-001	0.00000000e+000	
1.07591728e-001	0.00000000e+000	
1.08445630e-001	0.00000000e+000	
1.09299533e-001	0.00000000e+000	
1.10153436e-001	0.00000000e+000	
1.11007338e-001	0.00000000e+000	
1.11861241e-001	0.00000000e+000	
1.12715143e-001	0.00000000e+000	
1.13569046e-001	0.00000000e+000	
1.14422949e-001	0.00000000e+000	
1.15276851e-001	0.00000000e+000	
1.16130754e-001	0.00000000e+000	
1.16984656e-001	0.00000000e+000	
1.17838559e-001	0.00000000e+000	
1.18692462e-001	0.00000000e+000	
1.19546364e-001	0.00000000e+000	
1.20400267e-001	0.00000000e+000	
1.21254169e-001	0.00000000e+000	
1.22108072e-001	0.00000000e+000	
1.22961975e-001	0.00000000e+000	
1.23815877e-001	0.00000000e+000	
1.24669780e-001	0.00000000e+000	
1.25523682e-001	0.00000000e+000	
1.26377585e-001	0.00000000e+000	
1.27231488e-001	0.00000000e+000	
1.28085390e-001	0.00000000e+000	
1.28939293e-001	0.00000000e+000	
1.29793195e-001	0.00000000e+000	
1.30647098e-001	0.00000000e+000	
1.31501001e-001	0.00000000e+000	
1.32354903e-001	0.00000000e+000	
1.33208806e-001	0.00000000e+000	
1.34062708e-001	0.00000000e+000	
1.34916611e-001	0.00000000e+000	
1.35770514e-001	0.00000000e+000	
1.36624416e-001	0.00000000e+000	
1.37478319e-001	0.00000000e+000	
1.38332221e-001	0.00000000e+000	
1.39186124e-001	0.00000000e+000	
1.40040027e-001	0.00000000e+000	
1.40893929e-001	0.00000000e+000	
1.41747832e-001	0.00000000e+000	
1.42601734e-001	0.00000000e+000	
1.43455637e-001	0.00000000e+000	
1.44309540e-001	0.00000000e+000	
1.45163442e-001	0.00000000e+000	
1.46017345e-001	0.00000000e+000	
1.46871247e-001	0.00000000e+000	
1.47725150e-001	0.00000000e+000	
1.48579053e-001	0.00000000e+000	
1.49432955e-001	0.00000000e+000	
1.50286858e-001	0.00000000e+000	
1.51140761e-001	0.00000000e+000	
1.51994663e-001	0.00000000e+000	
1.52848566e-001	0.00000000e+000	
1.53702468e-001	0.00000000e+000	
1.54556371e-001	0.00000000e+000	
1.55410274e-001	0.00000000e+000	
1.56264176e-001	0.00000000e+000	
1.57118079e-001	0.00000000e+000	
1.57971981e-001	0.00000000e+000	
1.58825884e-001	0.00000000e+000	
1.59679787e-001	0.00000000e+000	
1.60533689e-001	0.00000000e+000	
1.61387592e-001	0.00000000e+000	
1.62241494e-001	0.00000000e+000	
1.63095397e-001	0.00000000e+000	
1.63949300e-001	0.00000000e+000	
1.64803202e-001	0.00000000e+000	
1.65657105e-001	0.00000000e+000	
1.66511007e-001	0.00000000e+000	
1.67364910e-001	0.00000000e+000	
1.68218813e-001	0.00000000e+000	
1.69072715e-001	0.00000000e+000	
1.69926618e-001	0.00000000e+000	
1.70780520e-001	0.00000000e+000	
1.71634423e-001	0.00000000e+000	
1.72488326e-001	0.00000000e+000	
1.73342228e-001	0.00000000e+000	
1.74196131e-001	0.00000000e+000	
1.75050033e-001	0.00000000e+000	
1.75903936e-001	0.00000000e+000	
1.76757839e-001	0.00000000e+000	
1.77611741e-001	0.00000000e+000	
1.78465644e-001	0.00000000e+000	
1.79319546e-001	0.00000000e+000	
1.80173449e-001	0.00000000e+000	
1.81027352e-001	0.00000000e+000	
1.81881254e-001	0.00000000e+000	
1.82735157e-001	0.00000000e+000	
1.83589059e-001	0.00000000e+000	
1.84442962e-001	0.00000000e+000	
1.85296865e-001	0.00000000e+000	
1.86150767e-001	0.00000000e+000	
1.87004670e-001	0.00000000e+000	
1.87858572e-001	0.00000000e+000	
1.88712475e-001	0.00000000e+000	
1.89566378e-001	0.00000000e+000	
1.90420280e-001	0.00000000e+000	
1.91274183e-001	0.00000000e+000	
1.92128085e-001	0.00000000e+000	
1.92981988e-001	0.00000000e+000	
1.93835891e-001	0.00000000e+000	
1.94689793e-001	0.00000000e+000	
1.95543696e-001	0.00000000e+000	
1.96397598e-001	0.00000000e+000	
1.97251501e-001	0.00000000e+000	
1.98105404e-001	0.00000000e+000	
1.98959306e-001	0.00000000e+000	
1.99813209e-001	0.00000000e+000	
2.00667111e-001	0.00000000e+000	
2.01521014e-001	0.00000000e+000	
2.02374917e-001	0.00000000e+000	
2.03228819e-001	0.00000000e+000	
2.04082722e-001	0.00000000e+000	
2.04936624e-001	0.00000000e+000	
2.05790527e-001	0.00000000e+000	
2.06644430e-001	0.00000000e+000	
2.07498332e-001	0.00000000e+000	
2.08352235e-001	0.00000000e+000	
2.09206137e-001	0.00000000e+000	
2.10060040e-001	0.00000000e+000	
2.10913943e-001	0.00000000e+000	
2.11767845e-001	0.00000000e+000	
2.12621748e-001	0.00000000e+000	
2.13475650e-001	0.00000000e+000	
2.14329553e-001	0.00000000e+000	
2.15183456e-001	0.00000000e+000	
2.16037358e-001	0.00000000e+000	
2.16891261e-001	0.00000000e+000	
2.17745163e-001	0.00000000e+000	
2.18599066e-001	0.00000000e+000	
2.19452969e-001	0.00000000e+000	
2.20306871e-001	0.00000000e+000	
2.21160774e-001	0.00000000e+000	
2.22014676e-001	0.00000000e+000	
2.22868579e-001	0.00000000e+000	
2.23722482e-001	0.00000000e+000	
2.24576384e-001	0.00000000e+000	
2.25430287e-001	0.00000000e+000	
2.26284189e-001	0.00000000e+000	
2.27138092e-001	0.00000000e+000	
2.27991995e-001	0.00000000e+000	
2.28845897e-001	0.00000000e+000	
2.29699800e-001	0.00000000e+000	
2.30553702e-001	0.00000000e+000	
2.31407605e-001	0.00000000e+000	
2.32261508e-001	0.00000000e+000	
2.33115410e-001	0.00000000e+000	
2.33969313e-001	0.00000000e+000	
2.34823215e-001	0.00000000e+000	
2.35677118e-001	0.00000000e+000	
2.36531021e-001	0.00000000e+000	
2.37384923e-001	0.00000000e+000	
2.38238826e-001	0.00000000e+000	
2.39092728e-001	0.00000000e+000	
2.39946631e-001	0.00000000e+000	
2.40800534e-001	0.00000000e+000	
2.41654436e-001	0.00000000e+000	
2.42508339e-001	0.00000000e+000	
2.43362241e-001	0.00000000e+000	
2.44216144e-001	0.00000000e+000	
2.45070047e-001	0.00000000e+000	
2.45923949e-001	0.00000000e+000	
2.46777852e-001	0.00000000e+000	
2.47631755e-001	0.00000000e+000	
2.48485657e-001	0.00000000e+000	
2.49339560e-001	0.00000000e+000	
2.50193462e-001	0.00000000e+000	
2.51047365e-001	0.00000000e+000	
2.51901268e-001	0.00000000e+000	
2.52755170e-001	0.00000000e+000	
2.53609073e-001	0.00000000e+000	
2.54462975e-001	0.00000000e+000	
2.55316878e-001	0.00000000e+000	
2.56170781e-001	0.00000000e+000	
2.57024683e-001	0.00000000e+000	
2.57878586e-001	0.00000000e+000	
2.58732488e-001	0.00000000e+000	
2.59586391e-001	0.00000000e+000	
2.60440294e-001	0.00000000e+000	
2.61294196e-001	0.00000000e+000	
2.62148099e-001	0.00000000e+000	
2.63002001e-001	0.00000000e+000	
2.63855904e-001	0.00000000e+000	
2.64709807e-001	0.00000000e+000	
2.65563709e-001	0.00000000e+000	
2.66417612e-001	0.00000000e+000	
2.67271514e-001	0.00000000e+000	
2.68125417e-001	0.00000000e+000	
2.68979320e-001	0.00000000e+000	
2.69833222e-001	0.00000000e+000	
2.70687125e-001	0.00000000e+000	
2.71541027e-001	0.00000000e+000	
2.72394930e-001	0.00000000e+000	
2.73248833e-001	0.00000000e+000	
2.74102735e-001	0.00000000e+000	
2.74956638e-001	0.00000000e+000	
2.75810540e-001	0.00000000e+000	
2.76664443e-001	0.00000000e+000	
2.77518346e-001	0.00000000e+000	
2.78372248e-001	0.00000000e+000	
2.79226151e-001	0.00000000e+000	
2.80080053e-001	0.00000000e+000	
2.80933956e-001	0.00000000e+000	
2.81787859e-001	0.00000000e+000	
2.82641761e-001	0.00000000e+000	
2.83495664e-001	0.00000000e+000	
2.84349566e-001	0.00000000e+000	
2.85203469e-001	0.00000000e+000	
2.86057372e-001	0.00000000e+000	
2.86911274e-001	0.00000000e+000	
2.87765177e-001	0.00000000e+000	
2.88619079e-001	0.00000000e+000	
2.89472982e-001	0.00000000e+000	
2.90326885e-001	0.00000000e+000	
2.91180787e-001	0.00000000e+000	
2.92034690e-001	0.00000000e+000	
2.92888592e-001	0.00000000e+000	
2.93742495e-001	0.00000000e+000	
2.94596398e-001	0.00000000e+000	
2.95450300e-001	0.00000000e+000	
2.96304203e-001	0.00000000e+000	
2.97158105e-001	0.00000000e+000	
2.98012008e-001	0.00000000e+000	
2.98865911e-001	0.00000000e+000	
2.99719813e-001	0.00000000e+000	
3.00573716e-001	0.00000000e+000	
3.01427618e-001	0.00000000e+000	
3.02281521e-001	0.00000000e+000	
3.03135424e-001	0.00000000e+000	
3.03989326e-001	0.00000000e+000	
3.04843229e-001	0.00000000e+000	
3.05697131e-001	0.00000000e+000	
3.06551034e-001	0.00000000e+000	
3.07404937e-001	0.00000000e+000	
3.08258839e-001	0.00000000e+000	
3.09112742e-001	0.00000000e+000	
3.09966644e-001	0.00000000e+000	
3.10820547e-001	0.00000000e+000	
3.11674450e-001	0.00000000e+000	
3.12528352e-001	0.00000000e+000	
3.13382255e-001	0.00000000e+000	
3.14236157e-001	0.00000000e+000	
3.15090060e-001	0.00000000e+000	
3.15943963e-001	0.00000000e+000	
3.16797865e-001	0.00000000e+000	
3.17651768e-001	0.00000000e+000	
3.18505670e-001	0.00000000e+000	
3.19359573e-001	0.00000000e+000	
3.20213476e-001	0.00000000e+000	
3.21067378e-001	0.00000000e+000	
3.21921281e-001	0.00000000e+000	
3.22775183e-001	0.00000000e+000	
3.23629086e-001	0.00000000e+000	
3.24482989e-001	0.00000000e+000	
3.25336891e-001	0.00000000e+000	
3.26190794e-001	0.00000000e+000	
3.27044696e-001	0.00000000e+000	
3.27898599e-001	0.00000000e+000	
3.28752502e-001	0.00000000e+000	
3.29606404e-001	0.00000000e+000	
3.30460307e-001	0.00000000e+000	
3.31314209e-001	0.00000000e+000	
3.32168112e-001	0.00000000e+000	
3.33022015e-001	0.00000000e+000	
3.33875917e-001	0.00000000e+000	
3.34729820e-001	0.00000000e+000	
3.35583722e-001	0.00000000e+000	
3.36437625e-001	0.00000000e+000	
3.37291528e-001	0.00000000e+000	
3.38145430e-001	0.00000000e+000	
3.38999333e-001	0.00000000e+000	
3.39853235e-001	0.00000000e+000	
3.40707138e-001	0.00000000e+000	
3.41561041e-001	0.00000000e+000	
3.42414943e-001	0.00000000e+000	
3.43268846e-001	0.00000000e+000	
3.44122748e-001	0.00000000e+000	
3.44976651e-001	0.00000000e+000	
3.45830554e-001	0.00000000e+000	
3.46684456e-001	0.00000000e+000	
3.47538359e-001	0.00000000e+000	
3.48392262e-001	0.00000000e+000	
3.49246164e-001	0.00000000e+000	
3.50100067e-001	0.00000000e+000	
3.50953969e-001	0.00000000e+000	
3.51807872e-001	0.00000000e+000	
3.52661775e-001	0.00000000e+000	
3.53515677e-001	0.00000000e+000	
3.54369580e-001	0.00000000e+000	
3.55223482e-001	0.00000000e+000	
3.56077385e-001	0.00000000e+000	
3.56931288e-001	0.00000000e+000	
3.57785190e-001	0.00000000e+000	
3.58639093e-001	0.00000000e+000	
3.59492995e-001	0.00000000e+000	
3.60346898e-001	0.00000000e+000	
3.61200801e-001	0.00000000e+000	
3.62054703e-001	0.00000000e+000	
3.62908606e-001	0.00000000e+000	
3.63762508e-001	0.00000000e+000	
3.64616411e-001	0.00000000e+000	
3.65470314e-001	0.00000000e+000	
3.66324216e-001	0.00000000e+000	
3.67178119e-001	0.00000000e+000	
3.68032021e-001	0.00000000e+000	
3.68885924e-001	0.00000000e+000	
3.69739827e-001	0.00000000e+000	
3.70593729e-001	0.00000000e+000	
3.71447632e-001	0.00000000e+000	
3.72301534e-001	0.00000000e+000	
3.73155437e-001	0.00000000e+000	
3.74009340e-001	0.00000000e+000	
3.74863242e-001	0.00000000e+000	
3.75717145e-001	0.00000000e+000	
3.76571047e-001	0.00000000e+000	
3.77424950e-001	0.00000000e+000	
3.78278853e-001	0.00000000e+000	
3.79132755e-001	0.00000000e+000	
3.79986658e-001	0.00000000e+000	
3.80840560e-001	0.00000000e+000	
3.81694463e-001	0.00000000e+000	
3.82548366e-001	0.00000000e+000	
3.83402268e-001	0.00000000e+000	
3.84256171e-001	0.00000000e+000	
3.85110073e-001	0.00000000e+000	
3.85963976e-001	0.00000000e+000	
3.86817879e-001	0.00000000e+000	
3.87671781e-001	0.00000000e+000	
3.88525684e-001	0.00000000e+000	
3.89379586e-001	0.00000000e+000	
3.90233489e-001	0.00000000e+000	
3.91087392e-001	0.00000000e+000	
3.91941294e-001	0.00000000e+000	
3.92795197e-001	0.00000000e+000	
3.93649099e-001	0.00000000e+000	
3.94503002e-001	0.00000000e+000	
3.95356905e-001	0.00000000e+000	
3.96210807e-001	0.00000000e+000	
3.97064710e-001	0.00000000e+000	
3.97918612e-001	0.00000000e+000	
3.98772515e-001	0.00000000e+000	
3.99626418e-001	0.00000000e+000	
4.00480320e-001	0.00000000e+000	
4.01334223e-001	0.00000000e+000	
4.02188125e-001	0.00000000e+000	
4.03042028e-001	0.00000000e+000	
4.03895931e-001	0.00000000e+000	
4.04749833e-001	0.00000000e+000	
4.05603736e-001	0.00000000e+000	
4.06457638e-001	0.00000000e+000	
4.07311541e-001	0.00000000e+000	
4.08165444e-001	0.00000000e+000	
4.09019346e-001	0.00000000e+000	
4.09873249e-001	0.00000000e+000	
4.10727151e-001	0.00000000e+000	
4.11581054e-001	0.00000000e+000	
4.12434957e-001	0.00000000e+000	
4.13288859e-001	0.00000000e+000	
4.14142762e-001	0.00000000e+000	
4.14996664e-001	0.00000000e+000	
4.15850567e-001	0.00000000e+000	
4.16704470e-001	0.00000000e+000	
4.17558372e-001	0.00000000e+000	
4.18412275e-001	0.00000000e+000	
4.19266177e-001	0.00000000e+000	
4.20120080e-001	0.00000000e+000	
4.20973983e-001	0.00000000e+000	
4.21827885e-001	0.00000000e+000	
4.22681788e-001	0.00000000e+000	
4.23535690e-001	0.00000000e+000	
4.24389593e-001	0.00000000e+000	
4.25243496e-001	0.00000000e+000	
4.26097398e-001	0.00000000e+000	
4.26951301e-001	1.67231817e+005	
4.27805203e-001	1.66885451e+005	
4.28659106e-001	1.66539818e+005	
4.29513009e-001	1.66194922e+005	
4.30366911e-001	1.65850768e+005	
4.31220814e-001	1.65507361e+005	
4.32074716e-001	1.65164705e+005	
4.32928619e-001	1.64822804e+005	
4.33782522e-001	1.64481665e+005	
4.34636424e-001	1.64040477e+005	
4.35490327e-001	1.63568973e+005	
4.36344229e-001	1.63098072e+005	
4.37198132e-001	1.62627779e+005	
4.38052035e-001	1.62158100e+005	
4.38905937e-001	1.61779419e+005	
4.39759840e-001	1.61422013e+005	
4.40613742e-001	1.61064790e+005	
4.41467645e-001	1.60707752e+005	
4.42321548e-001	1.60350901e+005	
4.43175450e-001	1.59994236e+005	
4.44029353e-001	1.59637761e+005	
4.44883256e-001	1.59281475e+005	
4.45737158e-001	1.58892859e+005	
4.46591061e-001	1.58431923e+005	
4.47444963e-001	1.57971155e+005	
4.48298866e-001	1.57510557e+005	
4.49152769e-001	1.57050130e+005	
4.50006671e-001	1.56589877e+005	
4.50860574e-001	1.56129798e+005	
4.51714476e-001	1.55669894e+005	
4.52568379e-001	1.55210168e+005	
4.53422282e-001	1.54750622e+005	
4.54276184e-001	1.54291256e+005	
4.55130087e-001	1.53832072e+005	
4.55983989e-001	1.53373073e+005	
4.56837892e-001	1.52914259e+005	
4.57691795e-001	1.52455632e+005	
4.58545697e-001	1.51998184e+005	
4.59399600e-001	1.51563418e+005	
4.60253502e-001	1.51129049e+005	
4.61107405e-001	1.50695080e+005	
4.61961308e-001	1.50331363e+005	
4.62815210e-001	1.49970837e+005	
4.63669113e-001	1.49610431e+005	
4.64523015e-001	1.49250147e+005	
4.65376918e-001	1.48889984e+005	
4.66230821e-001	1.48529944e+005	
4.67084723e-001	1.48170028e+005	
4.67938626e-001	1.47810236e+005	
4.68792528e-001	1.47450570e+005	
4.69646431e-001	1.47091030e+005	
4.70500334e-001	1.46731617e+005	
4.71354236e-001	1.46372333e+005	
4.72208139e-001	1.46013178e+005	
4.73062041e-001	1.45654152e+005	
4.73915944e-001	1.45295259e+005	
4.74769847e-001	1.44936497e+005	
4.75623749e-001	1.44577868e+005	
4.76477652e-001	1.44219373e+005	
4.77331554e-001	1.43861013e+005	
4.78185457e-001	1.43502790e+005	
4.79039360e-001	1.43144703e+005	
4.79893262e-001	1.42786755e+005	
4.80747165e-001	1.42447273e+005	
4.81601067e-001	1.42114502e+005	
4.82454970e-001	1.41669160e+005	
4.83308873e-001	1.41223898e+005	
4.84162775e-001	1.40778717e+005	
4.85016678e-001	1.40333618e+005	
4.85870580e-001	1.39888600e+005	
4.86724483e-001	1.39443666e+005	
4.87578386e-001	1.38998816e+005	
4.88432288e-001	1.38554051e+005	
4.89286191e-001	1.38109371e+005	
4.90140093e-001	1.37664777e+005	
4.90993996e-001	1.37220271e+005	
4.91847899e-001	1.36775853e+005	
4.92701801e-001	1.36331523e+005	
4.93555704e-001	1.35887284e+005	
4.94409606e-001	1.35443135e+005	
4.95263509e-001	1.34999078e+005	
4.96117412e-001	1.34555113e+005	
4.96971314e-001	1.34111242e+005	
4.97825217e-001	1.33667464e+005	
4.98679119e-001	1.33223783e+005	
4.99533022e-001	1.32780197e+005	
5.00386925e-001	1.32368700e+005	
5.01240827e-001	1.32016248e+005	
5.02094730e-001	1.31663844e+005	
5.02948632e-001	1.31311489e+005	
5.03802535e-001	1.30959183e+005	
5.04656438e-001	1.30606927e+005	
5.05510340e-001	1.30254720e+005	
5.06364243e-001	1.29902563e+005	
5.07218145e-001	1.29550457e+005	
5.08072048e-001	1.29198402e+005	
5.08925951e-001	1.28844564e+005	
5.09779853e-001	1.28474762e+005	
5.10633756e-001	1.28104964e+005	
5.11487658e-001	1.27735171e+005	
5.12341561e-001	1.27365382e+005	
5.13195464e-001	1.26995599e+005	
5.14049366e-001	1.26625821e+005	
5.14903269e-001	1.26256047e+005	
5.15757171e-001	1.25886279e+005	
5.16611074e-001	1.25516516e+005	
5.17464977e-001	1.25146757e+005	
5.18318879e-001	1.24777004e+005	
5.19172782e-001	1.24407257e+005	
5.20026684e-001	1.24037514e+005	
5.20880587e-001	1.23667777e+005	
5.21734490e-001	1.23298045e+005	
5.22588392e-001	1.22928319e+005	
5.23442295e-001	1.22558598e+005	
5.24296197e-001	1.22188882e+005	
5.25150100e-001	1.21819172e+005	
5.26004003e-001	1.21449468e+005	
5.26857905e-001	1.21079769e+005	
5.27711808e-001	1.20710076e+005	
5.28565710e-001	1.20340389e+005	
5.29419613e-001	1.19970708e+005	
5.30273516e-001	1.19601032e+005	
5.31127418e-001	1.19231363e+005	
5.31981321e-001	1.18861699e+005	
5.32835223e-001	1.18595489e+005	
5.33689126e-001	1.18412855e+005	
5.34543029e-001	1.18230239e+005	
5.35396931e-001	1.18047643e+005	
5.36250834e-001	1.17865066e+005	
5.37104736e-001	1.17682508e+005	
5.37958639e-001	1.17499970e+005	
5.38812542e-001	1.17317451e+005	
5.39666444e-001	1.17134952e+005	
5.40520347e-001	1.16952472e+005	
5.41374249e-001	1.16770012e+005	
5.42228152e-001	1.16587572e+005	
5.43082055e-001	1.16405152e+005	
5.43935957e-001	1.16222751e+005	
5.44789860e-001	1.16040371e+005	
5.45643763e-001	1.15858012e+005	
5.46497665e-001	1.15675672e+005	
5.47351568e-001	1.15493353e+005	
5.48205470e-001	1.15311054e+005	
5.49059373e-001	1.15128776e+005	
5.49913276e-001	1.14946519e+005	
5.50767178e-001	1.14764283e+005	
5.51621081e-001	1.14582067e+005	
5.52474983e-001	1.14399872e+005	
5.53328886e-001	1.14217699e+005	
5.54182789e-001	1.14035546e+005	
5.55036691e-001	1.13853415e+005	
5.55890594e-001	1.13671306e+005	
5.56744496e-001	1.13489218e+005	
5.57598399e-001	1.13307151e+005	
5.58452302e-001	1.13125106e+005	
5.59306204e-001	1.12943083e+005	
5.60160107e-001	1.12761082e+005	
5.61014009e-001	1.12579103e+005	
5.61867912e-001	1.12397147e+005	
5.62721815e-001	1.12215212e+005	
5.63575717e-001	1.12033300e+005	
5.64429620e-001	1.11851410e+005	
5.65283522e-001	1.11669543e+005	
5.66137425e-001	1.11487698e+005	
5.66991328e-001	1.11305876e+005	
5.67845230e-001	1.11124077e+005	
5.68699133e-001	1.10942302e+005	
5.69553035e-001	1.10760549e+005	
5.70406938e-001	1.10582592e+005	
5.71260841e-001	1.10409038e+005	
5.72114743e-001	1.10235486e+005	
5.72968646e-001	1.10061936e+005	
5.73822548e-001	1.09888387e+005	
5.74676451e-001	1.09714840e+005	
5.75530354e-001	1.09541294e+005	
5.76384256e-001	1.09367750e+005	
5.77238159e-001	1.09194207e+005	
5.78092061e-001	1.09020666e+005	
5.78945964e-001	1.08847127e+005	
5.79799867e-001	1.08673589e+005	
5.80653769e-001	1.08500053e+005	
5.81507672e-001	1.08326518e+005	
5.82361574e-001	1.08152985e+005	
5.83215477e-001	1.07979454e+005	
5.84069380e-001	1.07805924e+005	
5.84923282e-001	1.07632396e+005	
5.85777185e-001	1.07458870e+005	
5.86631087e-001	1.07248078e+005	
5.87484990e-001	1.06990586e+005	
5.88338893e-001	1.06733104e+005	
5.89192795e-001	1.06475630e+005	
5.90046698e-001	1.06218167e+005	
5.90900600e-001	1.05960712e+005	
5.91754503e-001	1.05703267e+005	
5.92608406e-001	1.05445831e+005	
5.93462308e-001	1.05200169e+005	
5.94316211e-001	1.04989235e+005	
5.95170113e-001	1.04778307e+005	
5.96024016e-001	1.04567385e+005	
5.96877919e-001	1.04356469e+005	
5.97731821e-001	1.04145559e+005	
5.98585724e-001	1.03934655e+005	
5.99439626e-001	1.03723757e+005	
6.00293529e-001	1.03512866e+005	
6.01147432e-001	1.03301980e+005	
6.02001334e-001	1.03091101e+005	
6.02855237e-001	1.02880228e+005	
6.03709139e-001	1.02669361e+005	
6.04563042e-001	1.02458500e+005	
6.05416945e-001	1.02247646e+005	
6.06270847e-001	1.02036798e+005	
6.07124750e-001	1.01825957e+005	
6.07978652e-001	1.01615122e+005	
6.08832555e-001	1.01404294e+005	
6.09686458e-001	1.01193472e+005	
6.10540360e-001	1.00982657e+005	
6.11394263e-001	1.00771849e+005	
6.12248165e-001	1.00561047e+005	
6.13102068e-001	1.00350252e+005	
6.13955971e-001	1.00139464e+005	
6.14809873e-001	9.99286820e+004	
6.15663776e-001	9.97179074e+004	
6.16517678e-001	9.95071397e+004	
6.17371581e-001	9.92963788e+004	
6.18225484e-001	9.90856250e+004	
6.19079386e-001	9.88748782e+004	
6.19933289e-001	9.86641385e+004	
6.20787191e-001	9.84534060e+004	
6.21641094e-001	9.82426805e+004	
6.22494997e-001	9.80319623e+004	
6.23348899e-001	9.78212514e+004	
6.24202802e-001	9.76105477e+004	
6.25056704e-001	9.73998515e+004	
6.25910607e-001	9.71891626e+004	
6.26764510e-001	9.69784811e+004	
6.27618412e-001	9.67678072e+004	
6.28472315e-001	9.65571408e+004	
6.29326217e-001	9.63464821e+004	
6.30180120e-001	9.61358309e+004	
6.31034023e-001	9.59251875e+004	
6.31887925e-001	9.57145518e+004	
6.32741828e-001	9.55251453e+004	
6.33595730e-001	9.53363948e+004	
6.34449633e-001	9.51476457e+004	
6.35303536e-001	9.49588980e+004	
6.36157438e-001	9.47701516e+004	
6.37011341e-001	9.45814067e+004	
6.37865243e-001	9.43926631e+004	
6.38719146e-001	9.42039210e+004	
6.39573049e-001	9.40151802e+004	
6.40426951e-001	9.38264409e+004	
6.41280854e-001	9.36377030e+004	
6.42134757e-001	9.34489665e+004	
6.42988659e-001	9.32602315e+004	
6.43842562e-001	9.30714979e+004	
6.44696464e-001	9.28827658e+004	
6.45550367e-001	9.26940352e+004	
6.46404270e-001	9.25053061e+004	
6.47258172e-001	9.23165784e+004	
6.48112075e-001	9.21278522e+004	
6.48965977e-001	9.19391276e+004	
6.49819880e-001	9.17504045e+004	
6.50673783e-001	9.15616829e+004	
6.51527685e-001	9.13729628e+004	
6.52381588e-001	9.11842443e+004	
6.53235490e-001	9.09955273e+004	
6.54089393e-001	9.08068119e+004	
6.54943296e-001	9.06180981e+004	
6.55797198e-001	9.04293859e+004	
6.56651101e-001	9.02406752e+004	
6.57505003e-001	9.00519662e+004	
6.58358906e-001	8.98632588e+004	
6.59212809e-001	8.96745530e+004	
6.60066711e-001	8.94858488e+004	
6.60920614e-001	8.92971463e+004	
6.61774516e-001	8.91084455e+004	
6.62628419e-001	8.89197463e+004	
6.63482322e-001	8.87616723e+004	
6.64336224e-001	8.86182594e+004	
6.65190127e-001	8.84748474e+004	
6.66044029e-001	8.83314363e+004	
6.66897932e-001	8.81880262e+004	
6.67751835e-001	8.80446169e+004	
6.68605737e-001	8.79012087e+004	
6.69459640e-001	8.77578013e+004	
6.70313542e-001	8.76143949e+004	
6.71167445e-001	8.74709895e+004	
6.72021348e-001	8.73275850e+004	
6.72875250e-001	8.71841815e+004	
6.73729153e-001	8.70407789e+004	
6.74583055e-001	8.68973773e+004	
6.75436958e-001	8.67539767e+004	
6.76290861e-001	8.66105771e+004	
6.77144763e-001	8.64671784e+004	
6.77998666e-001	8.63237808e+004	
6.78852568e-001	8.61803841e+004	
6.79706471e-001	8.60369884e+004	
6.80560374e-001	8.58935938e+004	
6.81414276e-001	8.57502001e+004	
6.82268179e-001	8.56068074e+004	
6.83122081e-001	8.54634158e+004	
6.83975984e-001	8.53200252e+004	
6.84829887e-001	8.51766357e+004	
6.85683789e-001	8.50332471e+004	
6.86537692e-001	8.48898596e+004	
6.87391594e-001	8.47464732e+004	
6.88245497e-001	8.46030878e+004	
6.89099400e-001	8.44605140e+004	
6.89953302e-001	8.43415932e+004	
6.90807205e-001	8.42226938e+004	
6.91661107e-001	8.41038160e+004	
6.92515010e-001	8.39849598e+004	
6.93368913e-001	8.38661253e+004	
6.94222815e-001	8.37473126e+004	
6.95076718e-001	8.36285218e+004	
6.95930620e-001	8.35097530e+004	
6.96784523e-001	8.33910062e+004	
6.97638426e-001	8.32722817e+004	
6.98492328e-001	8.31535794e+004	
6.99346231e-001	8.30348995e+004	
7.00200133e-001	8.29162420e+004	
7.01054036e-001	8.27976072e+004	
7.01907939e-001	8.26789949e+004	
7.02761841e-001	8.25604055e+004	
7.03615744e-001	8.24418389e+004	
7.04469646e-001	8.23232952e+004	
7.05323549e-001	8.22047746e+004	
7.06177452e-001	8.20862772e+004	
7.07031354e-001	8.19678030e+004	
7.07885257e-001	8.18493521e+004	
7.08739159e-001	8.17309247e+004	
7.09593062e-001	8.16125209e+004	
7.10446965e-001	8.14941407e+004	
7.11300867e-001	8.13757843e+004	
7.12154770e-001	8.12574518e+004	
7.13008672e-001	8.11391432e+004	
7.13862575e-001	8.10208588e+004	
7.14716478e-001	8.09025984e+004	
7.15570380e-001	8.07843624e+004	
7.16424283e-001	8.06661508e+004	
7.17278185e-001	8.05479637e+004	
7.18132088e-001	8.04298012e+004	
7.18985991e-001	8.03116634e+004	
7.19839893e-001	8.01935504e+004	
7.20693796e-001	8.00754624e+004	
7.21547698e-001	7.99573995e+004	
7.22401601e-001	7.98393616e+004	
7.23255504e-001	7.97213491e+004	
7.24109406e-001	7.96033620e+004	
7.24963309e-001	7.94854003e+004	
7.25817211e-001	7.93674643e+004	
7.26671114e-001	7.92495539e+004	
7.27525017e-001	7.91316695e+004	
7.28378919e-001	7.90138109e+004	
7.29232822e-001	7.88959785e+004	
7.30086724e-001	7.87781722e+004	
7.30940627e-001	7.86603923e+004	
7.31794530e-001	7.85426388e+004	
7.32648432e-001	7.84249118e+004	
7.33502335e-001	7.83072115e+004	
7.34356237e-001	7.81895379e+004	
7.35210140e-001	7.80718913e+004	
7.36064043e-001	7.79542717e+004	
7.36917945e-001	7.78366793e+004	
7.37771848e-001	7.77191141e+004	
7.38625751e-001	7.76015763e+004	
7.39479653e-001	7.74840661e+004	
7.40333556e-001	7.73665835e+004	
7.41187458e-001	7.72491286e+004	
7.42041361e-001	7.71317017e+004	
7.42895264e-001	7.70143028e+004	
7.43749166e-001	7.68969320e+004	
7.44603069e-001	7.67795896e+004	
7.45456971e-001	7.66530270e+004	
7.46310874e-001	7.65205890e+004	
7.47164777e-001	7.63881569e+004	
7.48018679e-001	7.62427023e+004	
7.48872582e-001	7.60945353e+004	
7.49726484e-001	7.59463746e+004	
7.50580387e-001	7.57982203e+004	
7.51434290e-001	7.56500723e+004	
7.52288192e-001	7.55019307e+004	
7.53142095e-001	7.53537955e+004	
7.53995997e-001	7.52056668e+004	
7.54849900e-001	7.50575446e+004	
7.55703803e-001	7.49094290e+004	
7.56557705e-001	7.47613200e+004	
7.57411608e-001	7.46132176e+004	
7.58265510e-001	7.44651219e+004	
7.59119413e-001	7.43170329e+004	
7.59973316e-001	7.41689506e+004	
7.60827218e-001	7.40208751e+004	
7.61681121e-001	7.38728065e+004	
7.62535023e-001	7.37247447e+004	
7.63388926e-001	7.35766899e+004	
7.64242829e-001	7.34286420e+004	
7.65096731e-001	7.32806011e+004	
7.65950634e-001	7.31325672e+004	
7.66804536e-001	7.29845404e+004	
7.67658439e-001	7.28365208e+004	
7.68512342e-001	7.26885083e+004	
7.69366244e-001	7.25405030e+004	
7.70220147e-001	7.23925050e+004	
7.71074049e-001	7.22445143e+004	
7.71927952e-001	7.20965310e+004	
7.72781855e-001	7.19485550e+004	
7.73635757e-001	7.18005865e+004	
7.74489660e-001	7.16526255e+004	
7.75343562e-001	7.15046720e+004	
7.76197465e-001	7.13567260e+004	
7.77051368e-001	7.12087877e+004	
7.77905270e-001	7.10608571e+004	
7.78759173e-001	7.09129342e+004	
7.79613075e-001	7.07650191e+004	
7.80466978e-001	7.06215072e+004	
7.81320881e-001	7.04893316e+004	
7.82174783e-001	7.03571611e+004	
7.83028686e-001	7.02249958e+004	
7.83882588e-001	7.00928358e+004	
7.84736491e-001	6.99606809e+004	
7.85590394e-001	6.98285313e+004	
7.86444296e-001	6.96963871e+004	
7.87298199e-001	6.95642481e+004	
7.88152101e-001	6.94321145e+004	
7.89006004e-001	6.92999863e+004	
7.89859907e-001	6.91678635e+004	
7.90713809e-001	6.90357462e+004	
7.91567712e-001	6.89036343e+004	
7.92421614e-001	6.87715280e+004	
7.93275517e-001	6.86394272e+004	
7.94129420e-001	6.85073320e+004	
7.94983322e-001	6.83752424e+004	
7.95837225e-001	6.82431584e+004	
7.96691127e-001	6.81110801e+004	
7.97545030e-001	6.79790075e+004	
7.98398933e-001	6.78469406e+004	
7.99252835e-001	6.77148796e+004	
8.00106738e-001	6.75828243e+004	
8.00960640e-001	6.74507749e+004	
8.01814543e-001	6.73187313e+004	
8.02668446e-001	6.71896570e+004	
8.03522348e-001	6.70793521e+004	
8.04376251e-001	6.69690581e+004	
8.05230153e-001	6.68587752e+004	
8.06084056e-001	6.67485033e+004	
8.06937959e-001	6.66382425e+004	
8.07791861e-001	6.65279929e+004	
8.08645764e-001	6.64177545e+004	
8.09499666e-001	6.63102985e+004	
8.10353569e-001	6.62042225e+004	
8.11207472e-001	6.60981655e+004	
8.12061374e-001	6.59921277e+004	
8.12915277e-001	6.58861092e+004	
8.13769179e-001	6.57801100e+004	
8.14623082e-001	6.56741302e+004	
8.15476985e-001	6.55681700e+004	
8.16330887e-001	6.54622294e+004	
8.17184790e-001	6.53563086e+004	
8.18038692e-001	6.52504075e+004	
8.18892595e-001	6.51445264e+004	
8.19746498e-001	6.50386653e+004	
8.20600400e-001	6.49456962e+004	
8.21454303e-001	6.48597851e+004	
8.22308205e-001	6.47739513e+004	
8.23162108e-001	6.46881951e+004	
8.24016011e-001	6.46025168e+004	
8.24869913e-001	6.45169168e+004	
8.25723816e-001	6.44313952e+004	
8.26577718e-001	6.43459525e+004	
8.27431621e-001	6.42605890e+004	
8.28285524e-001	6.41753050e+004	
8.29139426e-001	6.40901008e+004	
8.29993329e-001	6.40049767e+004	
8.30847231e-001	6.39158421e+004	
8.31701134e-001	6.38195151e+004	
8.32555037e-001	6.37232881e+004	
8.33408939e-001	6.36271617e+004	
8.34262842e-001	6.35311362e+004	
8.35116744e-001	6.34352121e+004	
8.35970647e-001	6.33393898e+004	
8.36824550e-001	6.32436700e+004	
8.37678452e-001	6.31480529e+004	
8.38532355e-001	6.30525391e+004	
8.39386258e-001	6.29571291e+004	
8.40240160e-001	6.28698247e+004	
8.41094063e-001	6.27846335e+004	
8.41947965e-001	6.26995704e+004	
8.42801868e-001	6.26146359e+004	
8.43655771e-001	6.25298304e+004	
8.44509673e-001	6.24451546e+004	
8.45363576e-001	6.23606583e+004	
8.46217478e-001	6.22771926e+004	
8.47071381e-001	6.21938251e+004	
8.47925284e-001	6.21105563e+004	
8.48779186e-001	6.20273864e+004	
8.49633089e-001	6.19443160e+004	
8.50486991e-001	6.18613453e+004	
8.51340894e-001	6.17784749e+004	
8.52194797e-001	6.16957051e+004	
8.53048699e-001	6.16130363e+004	
8.53902602e-001	0.00000000e+000	
8.54756504e-001	0.00000000e+000	
8.55610407e-001	0.00000000e+000	
8.56464310e-001	0.00000000e+000	
8.57318212e-001	0.00000000e+000	
8.58172115e-001	0.00000000e+000	
8.59026017e-001	0.00000000e+000	
8.59879920e-001	0.00000000e+000	
8.60733823e-001	0.00000000e+000	
8.61587725e-001	0.00000000e+000	
8.62441628e-001	0.00000000e+000	
8.63295530e-001	0.00000000e+000	
8.64149433e-001	0.00000000e+000	
8.65003336e-001	0.00000000e+000	
8.65857238e-001	0.00000000e+000	
8.66711141e-001	0.00000000e+000	
8.67565043e-001	0.00000000e+000	
8.68418946e-001	0.00000000e+000	
8.69272849e-001	0.00000000e+000	
8.70126751e-001	0.00000000e+000	
8.70980654e-001	0.00000000e+000	
8.71834556e-001	0.00000000e+000	
8.72688459e-001	0.00000000e+000	
8.73542362e-001	0.00000000e+000	
8.74396264e-001	0.00000000e+000	
8.75250167e-001	0.00000000e+000	
8.76104069e-001	0.00000000e+000	
8.76957972e-001	0.00000000e+000	
8.77811875e-001	0.00000000e+000	
8.78665777e-001	0.00000000e+000	
8.79519680e-001	0.00000000e+000	
8.80373582e-001	0.00000000e+000	
8.81227485e-001	0.00000000e+000	
8.82081388e-001	0.00000000e+000	
8.82935290e-001	0.00000000e+000	
8.83789193e-001	0.00000000e+000	
8.84643095e-001	0.00000000e+000	
8.85496998e-001	0.00000000e+000	
8.86350901e-001	0.00000000e+000	
8.87204803e-001	0.00000000e+000	
8.88058706e-001	0.00000000e+000	
8.88912608e-001	0.00000000e+000	
8.89766511e-001	0.00000000e+000	
8.90620414e-001	0.00000000e+000	
8.91474316e-001	0.00000000e+000	
8.92328219e-001	0.00000000e+000	
8.93182121e-001	0.00000000e+000	
8.94036024e-001	0.00000000e+000	
8.94889927e-001	0.00000000e+000	
8.95743829e-001	0.00000000e+000	
8.96597732e-001	0.00000000e+000	
8.97451634e-001	0.00000000e+000	
8.98305537e-001	0.00000000e+000	
8.99159440e-001	0.00000000e+000	
9.00013342e-001	0.00000000e+000	
9.00867245e-001	0.00000000e+000	
9.01721147e-001	0.00000000e+000	
9.02575050e-001	0.00000000e+000	
9.03428953e-001	0.00000000e+000	
9.04282855e-001	0.00000000e+000	
9.05136758e-001	0.00000000e+000	
9.05990660e-001	0.00000000e+000	
9.06844563e-001	0.00000000e+000	
9.07698466e-001	0.00000000e+000	
9.08552368e-001	0.00000000e+000	
9.09406271e-001	0.00000000e+000	
9.10260173e-001	0.00000000e+000	
9.11114076e-001	0.00000000e+000	
9.11967979e-001	0.00000000e+000	
9.12821881e-001	0.00000000e+000	
9.13675784e-001	0.00000000e+000	
9.14529686e-001	0.00000000e+000	
9.15383589e-001	0.00000000e+000	
9.16237492e-001	0.00000000e+000	
9.17091394e-001	0.00000000e+000	
9.17945297e-001	0.00000000e+000	
9.18799199e-001	0.00000000e+000	
9.19653102e-001	0.00000000e+000	
9.20507005e-001	0.00000000e+000	
9.21360907e-001	0.00000000e+000	
9.22214810e-001	0.00000000e+000	
9.23068712e-001	0.00000000e+000	
9.23922615e-001	0.00000000e+000	
9.24776518e-001	0.00000000e+000	
9.25630420e-001	0.00000000e+000	
9.26484323e-001	0.00000000e+000	
9.27338225e-001	0.00000000e+000	
9.28192128e-001	0.00000000e+000	
9.29046031e-001	0.00000000e+000	
9.29899933e-001	0.00000000e+000	
9.30753836e-001	0.00000000e+000	
9.31607738e-001	0.00000000e+000	
9.32461641e-001	0.00000000e+000	
9.33315544e-001	0.00000000e+000	
9.34169446e-001	0.00000000e+000	
9.35023349e-001	0.00000000e+000	
9.35877252e-001	0.00000000e+000	
9.36731154e-001	0.00000000e+000	
9.37585057e-001	0.00000000e+000	
9.38438959e-001	0.00000000e+000	
9.39292862e-001	0.00000000e+000	
9.40146765e-001	0.00000000e+000	
9.41000667e-001	0.00000000e+000	
9.41854570e-001	0.00000000e+000	
9.42708472e-001	0.00000000e+000	
9.43562375e-001	0.00000000e+000	
9.44416278e-001	0.00000000e+000	
9.45270180e-001	0.00000000e+000	
9.46124083e-001	0.00000000e+000	
9.46977985e-001	0.00000000e+000	
9.47831888e-001	0.00000000e+000	
9.48685791e-001	0.00000000e+000	
9.49539693e-001	0.00000000e+000	
9.50393596e-001	0.00000000e+000	
9.51247498e-001	0.00000000e+000	
9.52101401e-001	0.00000000e+000	
9.52955304e-001	0.00000000e+000	
9.53809206e-001	0.00000000e+000	
9.54663109e-001	0.00000000e+000	
9.55517011e-001	0.00000000e+000	
9.56370914e-001	0.00000000e+000	
9.57224817e-001	0.00000000e+000	
9.58078719e-001	0.00000000e+000	
9.58932622e-001	0.00000000e+000	
9.59786524e-001	0.00000000e+000	
9.60640427e-001	0.00000000e+000	
9.61494330e-001	0.00000000e+000	
9.62348232e-001	0.00000000e+000	
9.63202135e-001	0.00000000e+000	
9.64056037e-001	0.00000000e+000	
9.64909940e-001	0.00000000e+000	
9.65763843e-001	0.00000000e+000	
9.66617745e-001	0.00000000e+000	
9.67471648e-001	0.00000000e+000	
9.68325550e-001	0.00000000e+000	
9.69179453e-001	0.00000000e+000	
9.70033356e-001	0.00000000e+000	
9.70887258e-001	0.00000000e+000	
9.71741161e-001	0.00000000e+000	
9.72595063e-001	0.00000000e+000	
9.73448966e-001	0.00000000e+000	
9.74302869e-001	0.00000000e+000	
9.75156771e-001	0.00000000e+000	
9.76010674e-001	0.00000000e+000	
9.76864576e-001	0.00000000e+000	
9.77718479e-001	0.00000000e+000	
9.78572382e-001	0.00000000e+000	
9.79426284e-001	0.00000000e+000	
9.80280187e-001	0.00000000e+000	
9.81134089e-001	0.00000000e+000	
9.81987992e-001	0.00000000e+000	
9.82841895e-001	0.00000000e+000	
9.83695797e-001	0.00000000e+000	
9.84549700e-001	0.00000000e+000	
9.85403602e-001	0.00000000e+000	
9.86257505e-001	0.00000000e+000	
9.87111408e-001	0.00000000e+000	
9.87965310e-001	0.00000000e+000	
9.88819213e-001	0.00000000e+000	
9.89673115e-001	0.00000000e+000	
9.90527018e-001	0.00000000e+000	
9.91380921e-001	0.00000000e+000	
9.92234823e-001	0.00000000e+000	
9.93088726e-001	0.00000000e+000	
9.93942628e-001	0.00000000e+000	
9.94796531e-001	0.00000000e+000	
9.95650434e-001	0.00000000e+000	
9.96504336e-001	0.00000000e+000	
9.97358239e-001	0.00000000e+000	
9.98212141e-001	0.00000000e+000	
9.99066044e-001	0.00000000e+000	
9.99919947e-001	0.00000000e+000	
1.00077385e+000	0.00000000e+000	
1.00162775e+000	0.00000000e+000	
1.00248165e+000	0.00000000e+000	
1.00333556e+000	0.00000000e+000	
1.00418946e+000	0.00000000e+000	
1.00504336e+000	0.00000000e+000	
1.00589726e+000	0.00000000e+000	
1.00675117e+000	0.00000000e+000	
1.00760507e+000	0.00000000e+000	
1.00845897e+000	0.00000000e+000	
1.00931288e+000	0.00000000e+000	
1.01016678e+000	0.00000000e+000	
1.01102068e+000	0.00000000e+000	
1.01187458e+000	0.00000000e+000	
1.01272849e+000	0.00000000e+000	
1.01358239e+000	0.00000000e+000	
1.01443629e+000	0.00000000e+000	
1.01529019e+000	0.00000000e+000	
1.01614410e+000	0.00000000e+000	
1.01699800e+000	0.00000000e+000	
1.01785190e+000	0.00000000e+000	
1.01870580e+000	0.00000000e+000	
1.01955971e+000	0.00000000e+000	
1.02041361e+000	0.00000000e+000	
1.02126751e+000	0.00000000e+000	
1.02212141e+000	0.00000000e+000	
1.02297532e+000	0.00000000e+000	
1.02382922e+000	0.00000000e+000	
1.02468312e+000	0.00000000e+000	
1.02553702e+000	0.00000000e+000	
1.02639093e+000	0.00000000e+000	
1.02724483e+000	0.00000000e+000	
1.02809873e+000	0.00000000e+000	
1.02895264e+000	0.00000000e+000	
1.02980654e+000	0.00000000e+000	
1.03066044e+000	0.00000000e+000	
1.03151434e+000	0.00000000e+000	
1.03236825e+000	0.00000000e+000	
1.03322215e+000	0.00000000e+000	
1.03407605e+000	0.00000000e+000	
1.03492995e+000	0.00000000e+000	
1.03578386e+000	0.00000000e+000	
1.03663776e+000	0.00000000e+000	
1.03749166e+000	0.00000000e+000	
1.03834556e+000	0.00000000e+000	
1.03919947e+000	0.00000000e+000	
1.04005337e+000	0.00000000e+000	
1.04090727e+000	0.00000000e+000	
1.04176117e+000	0.00000000e+000	
1.04261508e+000	0.00000000e+000	
1.04346898e+000	0.00000000e+000	
1.04432288e+000	0.00000000e+000	
1.04517678e+000	0.00000000e+000	
1.04603069e+000	0.00000000e+000	
1.04688459e+000	0.00000000e+000	
1.04773849e+000	0.00000000e+000	
1.04859239e+000	0.00000000e+000	
1.04944630e+000	0.00000000e+000	
1.05030020e+000	0.00000000e+000	
1.05115410e+000	0.00000000e+000	
1.05200801e+000	0.00000000e+000	
1.05286191e+000	0.00000000e+000	
1.05371581e+000	0.00000000e+000	
1.05456971e+000	0.00000000e+000	
1.05542362e+000	0.00000000e+000	
1.05627752e+000	0.00000000e+000	
1.05713142e+000	0.00000000e+000	
1.05798532e+000	0.00000000e+000	
1.05883923e+000	0.00000000e+000	
1.05969313e+000	0.00000000e+000	
1.06054703e+000	0.00000000e+000	
1.06140093e+000	0.00000000e+000	
1.06225484e+000	0.00000000e+000	
1.06310874e+000	0.00000000e+000	
1.06396264e+000	0.00000000e+000	
1.06481654e+000	0.00000000e+000	
1.06567045e+000	0.00000000e+000	
1.06652435e+000	0.00000000e+000	
1.06737825e+000	0.00000000e+000	
1.06823215e+000	0.00000000e+000	
1.06908606e+000	0.00000000e+000	
1.06993996e+000	0.00000000e+000	
1.07079386e+000	0.00000000e+000	
1.07164777e+000	0.00000000e+000	
1.07250167e+000	0.00000000e+000	
1.07335557e+000	0.00000000e+000	
1.07420947e+000	0.00000000e+000	
1.07506338e+000	0.00000000e+000	
1.07591728e+000	0.00000000e+000	
1.07677118e+000	0.00000000e+000	
1.07762508e+000	0.00000000e+000	
1.07847899e+000	0.00000000e+000	
1.07933289e+000	0.00000000e+000	
1.08018679e+000	0.00000000e+000	
1.08104069e+000	0.00000000e+000	
1.08189460e+000	0.00000000e+000	
1.08274850e+000	0.00000000e+000	
1.08360240e+000	0.00000000e+000	
1.08445630e+000	0.00000000e+000	
1.08531021e+000	0.00000000e+000	
1.08616411e+000	0.00000000e+000	
1.08701801e+000	0.00000000e+000	
1.08787191e+000	0.00000000e+000	
1.08872582e+000	0.00000000e+000	
1.08957972e+000	0.00000000e+000	
1.09043362e+000	0.00000000e+000	
1.09128753e+000	0.00000000e+000	
1.09214143e+000	0.00000000e+000	
1.09299533e+000	0.00000000e+000	
1.09384923e+000	0.00000000e+000	
1.09470314e+000	0.00000000e+000	
1.09555704e+000	0.00000000e+000	
1.09641094e+000	0.00000000e+000	
1.09726484e+000	0.00000000e+000	
1.09811875e+000	0.00000000e+000	
1.09897265e+000	0.00000000e+000	
1.09982655e+000	0.00000000e+000	
1.10068045e+000	0.00000000e+000	
1.10153436e+000	0.00000000e+000	
1.10238826e+000	0.00000000e+000	
1.10324216e+000	0.00000000e+000	
1.10409606e+000	0.00000000e+000	
1.10494997e+000	0.00000000e+000	
1.10580387e+000	0.00000000e+000	
1.10665777e+000	0.00000000e+000	
1.10751167e+000	0.00000000e+000	
1.10836558e+000	0.00000000e+000	
1.10921948e+000	0.00000000e+000	
1.11007338e+000	0.00000000e+000	
1.11092728e+000	0.00000000e+000	
1.11178119e+000	0.00000000e+000	
1.11263509e+000	0.00000000e+000	
1.11348899e+000	0.00000000e+000	
1.11434290e+000	0.00000000e+000	
1.11519680e+000	0.00000000e+000	
1.11605070e+000	0.00000000e+000	
1.11690460e+000	0.00000000e+000	
1.11775851e+000	0.00000000e+000	
1.11861241e+000	0.00000000e+000	
1.11946631e+000	0.00000000e+000	
1.12032021e+000	0.00000000e+000	
1.12117412e+000	0.00000000e+000	
1.12202802e+000	0.00000000e+000	
1.12288192e+000	0.00000000e+000	
1.12373582e+000	0.00000000e+000	
1.12458973e+000	0.00000000e+000	
1.12544363e+000	0.00000000e+000	
1.12629753e+000	0.00000000e+000	
1.12715143e+000	0.00000000e+000	
1.12800534e+000	0.00000000e+000	
1.12885924e+000	0.00000000e+000	
1.12971314e+000	0.00000000e+000	
1.13056704e+000	0.00000000e+000	
1.13142095e+000	0.00000000e+000	
1.13227485e+000	0.00000000e+000	
1.13312875e+000	0.00000000e+000	
1.13398266e+000	0.00000000e+000	
1.13483656e+000	0.00000000e+000	
1.13569046e+000	0.00000000e+000	
1.13654436e+000	0.00000000e+000	
1.13739827e+000	0.00000000e+000	
1.13825217e+000	0.00000000e+000	
1.13910607e+000	0.00000000e+000	
1.13995997e+000	0.00000000e+000	
1.14081388e+000	0.00000000e+000	
1.14166778e+000	0.00000000e+000	
1.14252168e+000	0.00000000e+000	
1.14337558e+000	0.00000000e+000	
1.14422949e+000	0.00000000e+000	
1.14508339e+000	0.00000000e+000	
1.14593729e+000	0.00000000e+000	
1.14679119e+000	0.00000000e+000	
1.14764510e+000	0.00000000e+000	
1.14849900e+000	0.00000000e+000	
1.14935290e+000	0.00000000e+000	
1.15020680e+000	0.00000000e+000	
1.15106071e+000	0.00000000e+000	
1.15191461e+000	0.00000000e+000	
1.15276851e+000	0.00000000e+000	
1.15362241e+000	0.00000000e+000	
1.15447632e+000	0.00000000e+000	
1.15533022e+000	0.00000000e+000	
1.15618412e+000	0.00000000e+000	
1.15703803e+000	0.00000000e+000	
1.15789193e+000	0.00000000e+000	
1.15874583e+000	0.00000000e+000	
1.15959973e+000	0.00000000e+000	
1.16045364e+000	0.00000000e+000	
1.16130754e+000	0.00000000e+000	
1.16216144e+000	0.00000000e+000	
1.16301534e+000	0.00000000e+000	
1.16386925e+000	0.00000000e+000	
1.16472315e+000	0.00000000e+000	
1.16557705e+000	0.00000000e+000	
1.16643095e+000	0.00000000e+000	
1.16728486e+000	0.00000000e+000	
1.16813876e+000	0.00000000e+000	
1.16899266e+000	0.00000000e+000	
1.16984656e+000	0.00000000e+000	
1.17070047e+000	0.00000000e+000	
1.17155437e+000	0.00000000e+000	
1.17240827e+000	0.00000000e+000	
1.17326217e+000	0.00000000e+000	
1.17411608e+000	0.00000000e+000	
1.17496998e+000	0.00000000e+000	
1.17582388e+000	0.00000000e+000	
1.17667779e+000	0.00000000e+000	
1.17753169e+000	0.00000000e+000	
1.17838559e+000	0.00000000e+000	
1.17923949e+000	0.00000000e+000	
1.18009340e+000	0.00000000e+000	
1.18094730e+000	0.00000000e+000	
1.18180120e+000	0.00000000e+000	
1.18265510e+000	0.00000000e+000	
1.18350901e+000	0.00000000e+000	
1.18436291e+000	0.00000000e+000	
1.18521681e+000	0.00000000e+000	
1.18607071e+000	0.00000000e+000	
1.18692462e+000	0.00000000e+000	
1.18777852e+000	0.00000000e+000	
1.18863242e+000	0.00000000e+000	
1.18948632e+000	0.00000000e+000	
1.19034023e+000	0.00000000e+000	
1.19119413e+000	0.00000000e+000	
1.19204803e+000	0.00000000e+000	
1.19290193e+000	0.00000000e+000	
1.19375584e+000	0.00000000e+000	
1.19460974e+000	0.00000000e+000	
1.19546364e+000	0.00000000e+000	
1.19631755e+000	0.00000000e+000	
1.19717145e+000	0.00000000e+000	
1.19802535e+000	0.00000000e+000	
1.19887925e+000	0.00000000e+000	
1.19973316e+000	0.00000000e+000	
1.20058706e+000	0.00000000e+000	
1.20144096e+000	0.00000000e+000	
1.20229486e+000	0.00000000e+000	
1.20314877e+000	0.00000000e+000	
1.20400267e+000	0.00000000e+000	
1.20485657e+000	0.00000000e+000	
1.20571047e+000	0.00000000e+000	
1.20656438e+000	0.00000000e+000	
1.20741828e+000	0.00000000e+000	
1.20827218e+000	0.00000000e+000	
1.20912608e+000	0.00000000e+000	
1.20997999e+000	0.00000000e+000	
1.21083389e+000	0.00000000e+000	
1.21168779e+000	0.00000000e+000	
1.21254169e+000	0.00000000e+000	
1.21339560e+000	0.00000000e+000	
1.21424950e+000	0.00000000e+000	
1.21510340e+000	0.00000000e+000	
1.21595730e+000	0.00000000e+000	
1.21681121e+000	0.00000000e+000	
1.21766511e+000	0.00000000e+000	
1.21851901e+000	0.00000000e+000	
1.21937292e+000	0.00000000e+000	
1.22022682e+000	0.00000000e+000	
1.22108072e+000	0.00000000e+000	
1.22193462e+000	0.00000000e+000	
1.22278853e+000	0.00000000e+000	
1.22364243e+000	0.00000000e+000	
1.22449633e+000	0.00000000e+000	
1.22535023e+000	0.00000000e+000	
1.22620414e+000	0.00000000e+000	
1.22705804e+000	0.00000000e+000	
1.22791194e+000	0.00000000e+000	
1.22876584e+000	0.00000000e+000	
1.22961975e+000	0.00000000e+000	
1.23047365e+000	0.00000000e+000	
1.23132755e+000	0.00000000e+000	
1.23218145e+000	0.00000000e+000	
1.23303536e+000	0.00000000e+000	
1.23388926e+000	0.00000000e+000	
1.23474316e+000	0.00000000e+000	
1.23559706e+000	0.00000000e+000	
1.23645097e+000	0.00000000e+000	
1.23730487e+000	0.00000000e+000	
1.23815877e+000	0.00000000e+000	
1.23901268e+000	0.00000000e+000	
1.23986658e+000	0.00000000e+000	
1.24072048e+000	0.00000000e+000	
1.24157438e+000	0.00000000e+000	
1.24242829e+000	0.00000000e+000	
1.24328219e+000	0.00000000e+000	
1.24413609e+000	0.00000000e+000	
1.24498999e+000	0.00000000e+000	
1.24584390e+000	0.00000000e+000	
1.24669780e+000	0.00000000e+000	
1.24755170e+000	0.00000000e+000	
1.24840560e+000	0.00000000e+000	
1.24925951e+000	0.00000000e+000	
1.25011341e+000	0.00000000e+000	
1.25096731e+000	0.00000000e+000	
1.25182121e+000	0.00000000e+000	
1.25267512e+000	0.00000000e+000	
1.25352902e+000	0.00000000e+000	
1.25438292e+000	0.00000000e+000	
1.25523682e+000	0.00000000e+000	
1.25609073e+000	0.00000000e+000	
1.25694463e+000	0.00000000e+000	
1.25779853e+000	0.00000000e+000	
1.25865243e+000	0.00000000e+000	
1.25950634e+000	0.00000000e+000	
1.26036024e+000	0.00000000e+000	
1.26121414e+000	0.00000000e+000	
1.26206805e+000	0.00000000e+000	
1.26292195e+000	0.00000000e+000	
1.26377585e+000	0.00000000e+000	
1.26462975e+000	0.00000000e+000	
1.26548366e+000	0.00000000e+000	
1.26633756e+000	0.00000000e+000	
1.26719146e+000	0.00000000e+000	
1.26804536e+000	0.00000000e+000	
1.26889927e+000	0.00000000e+000	
1.26975317e+000	0.00000000e+000	
1.27060707e+000	0.00000000e+000	
1.27146097e+000	0.00000000e+000	
1.27231488e+000	0.00000000e+000	
1.27316878e+000	0.00000000e+000	
1.27402268e+000	0.00000000e+000	
1.27487658e+000	0.00000000e+000	
1.27573049e+000	0.00000000e+000	
1.27658439e+000	0.00000000e+000	
1.27743829e+000	0.00000000e+000	
1.27829219e+000	0.00000000e+000	
1.27914610e+000	0.00000000e+000	
1.28000000e+000	7.19361685e-004	
