0.00000000e+000	0.00000000e+000	
8.30439830e-004	0.00000000e+000	
1.66087966e-003	0.00000000e+000	
2.49131949e-003	0.00000000e+000	
3.32175932e-003	0.00000000e+000	
4.15219915e-003	0.00000000e+000	
4.98263898e-003	0.00000000e+000	
5.81307881e-003	0.00000000e+000	
6.64351864e-003	0.00000000e+000	
7.47395847e-003	0.00000000e+000	
8.30439830e-003	0.00000000e+000	
9.13483813e-003	0.00000000e+000	
9.96527796e-003	0.00000000e+000	
1.07957178e-002	0.00000000e+000	
1.16261576e-002	0.00000000e+000	
1.24565975e-002	0.00000000e+000	
1.32870373e-002	0.00000000e+000	
1.41174771e-002	0.00000000e+000	
1.49479169e-002	0.00000000e+000	
1.57783568e-002	0.00000000e+000	
1.66087966e-002	0.00000000e+000	
1.74392364e-002	0.00000000e+000	
1.82696763e-002	0.00000000e+000	
1.91001161e-002	0.00000000e+000	
1.99305559e-002	0.00000000e+000	
2.07609958e-002	0.00000000e+000	
2.15914356e-002	0.00000000e+000	
2.24218754e-002	0.00000000e+000	
2.32523152e-002	0.00000000e+000	
2.40827551e-002	0.00000000e+000	
2.49131949e-002	0.00000000e+000	
2.57436347e-002	0.00000000e+000	
2.65740746e-002	0.00000000e+000	
2.74045144e-002	0.00000000e+000	
2.82349542e-002	0.00000000e+000	
2.90653941e-002	0.00000000e+000	
2.98958339e-002	0.00000000e+000	
3.07262737e-002	0.00000000e+000	
3.15567136e-002	0.00000000e+000	
3.23871534e-002	0.00000000e+000	
3.32175932e-002	0.00000000e+000	
3.40480330e-002	0.00000000e+000	
3.48784729e-002	0.00000000e+000	
3.57089127e-002	0.00000000e+000	
3.65393525e-002	0.00000000e+000	
3.73697924e-002	0.00000000e+000	
3.82002322e-002	0.00000000e+000	
3.90306720e-002	0.00000000e+000	
3.98611119e-002	0.00000000e+000	
4.06915517e-002	0.00000000e+000	
4.15219915e-002	0.00000000e+000	
4.23524313e-002	0.00000000e+000	
4.31828712e-002	0.00000000e+000	
4.40133110e-002	0.00000000e+000	
4.48437508e-002	0.00000000e+000	
4.56741907e-002	0.00000000e+000	
4.65046305e-002	0.00000000e+000	
4.73350703e-002	0.00000000e+000	
4.81655102e-002	0.00000000e+000	
4.89959500e-002	0.00000000e+000	
4.98263898e-002	0.00000000e+000	
5.06568296e-002	0.00000000e+000	
5.14872695e-002	0.00000000e+000	
5.23177093e-002	0.00000000e+000	
5.31481491e-002	0.00000000e+000	
5.39785890e-002	0.00000000e+000	
5.48090288e-002	0.00000000e+000	
5.56394686e-002	0.00000000e+000	
5.64699085e-002	0.00000000e+000	
5.73003483e-002	0.00000000e+000	
5.81307881e-002	0.00000000e+000	
5.89612279e-002	0.00000000e+000	
5.97916678e-002	0.00000000e+000	
6.06221076e-002	0.00000000e+000	
6.14525474e-002	0.00000000e+000	
6.22829873e-002	0.00000000e+000	
6.31134271e-002	0.00000000e+000	
6.39438669e-002	0.00000000e+000	
6.47743068e-002	0.00000000e+000	
6.56047466e-002	0.00000000e+000	
6.64351864e-002	0.00000000e+000	
6.72656263e-002	0.00000000e+000	
6.80960661e-002	0.00000000e+000	
6.89265059e-002	0.00000000e+000	
6.97569457e-002	0.00000000e+000	
7.05873856e-002	0.00000000e+000	
7.14178254e-002	0.00000000e+000	
7.22482652e-002	0.00000000e+000	
7.30787051e-002	0.00000000e+000	
7.39091449e-002	0.00000000e+000	
7.47395847e-002	0.00000000e+000	
7.55700246e-002	0.00000000e+000	
7.64004644e-002	0.00000000e+000	
7.72309042e-002	0.00000000e+000	
7.80613440e-002	0.00000000e+000	
7.88917839e-002	0.00000000e+000	
7.97222237e-002	0.00000000e+000	
8.05526635e-002	0.00000000e+000	
8.13831034e-002	0.00000000e+000	
8.22135432e-002	0.00000000e+000	
8.30439830e-002	0.00000000e+000	
8.38744229e-002	0.00000000e+000	
8.47048627e-002	0.00000000e+000	
8.55353025e-002	0.00000000e+000	
8.63657423e-002	0.00000000e+000	
8.71961822e-002	0.00000000e+000	
8.80266220e-002	0.00000000e+000	
8.88570618e-002	0.00000000e+000	
8.96875017e-002	0.00000000e+000	
9.05179415e-002	0.00000000e+000	
9.13483813e-002	0.00000000e+000	
9.21788212e-002	0.00000000e+000	
9.30092610e-002	0.00000000e+000	
9.38397008e-002	0.00000000e+000	
9.46701407e-002	0.00000000e+000	
9.55005805e-002	0.00000000e+000	
9.63310203e-002	0.00000000e+000	
9.71614601e-002	0.00000000e+000	
9.79919000e-002	0.00000000e+000	
9.88223398e-002	0.00000000e+000	
9.96527796e-002	0.00000000e+000	
1.00483219e-001	0.00000000e+000	
1.01313659e-001	0.00000000e+000	
1.02144099e-001	0.00000000e+000	
1.02974539e-001	0.00000000e+000	
1.03804979e-001	0.00000000e+000	
1.04635419e-001	0.00000000e+000	
1.05465858e-001	0.00000000e+000	
1.06296298e-001	0.00000000e+000	
1.07126738e-001	0.00000000e+000	
1.07957178e-001	0.00000000e+000	
1.08787618e-001	0.00000000e+000	
1.09618058e-001	0.00000000e+000	
1.10448497e-001	0.00000000e+000	
1.11278937e-001	0.00000000e+000	
1.12109377e-001	0.00000000e+000	
1.12939817e-001	0.00000000e+000	
1.13770257e-001	0.00000000e+000	
1.14600697e-001	0.00000000e+000	
1.15431136e-001	0.00000000e+000	
1.16261576e-001	0.00000000e+000	
1.17092016e-001	0.00000000e+000	
1.17922456e-001	0.00000000e+000	
1.18752896e-001	0.00000000e+000	
1.19583336e-001	0.00000000e+000	
1.20413775e-001	0.00000000e+000	
1.21244215e-001	0.00000000e+000	
1.22074655e-001	0.00000000e+000	
1.22905095e-001	0.00000000e+000	
1.23735535e-001	0.00000000e+000	
1.24565975e-001	0.00000000e+000	
1.25396414e-001	0.00000000e+000	
1.26226854e-001	0.00000000e+000	
1.27057294e-001	0.00000000e+000	
1.27887734e-001	0.00000000e+000	
1.28718174e-001	0.00000000e+000	
1.29548614e-001	0.00000000e+000	
1.30379053e-001	0.00000000e+000	
1.31209493e-001	0.00000000e+000	
1.32039933e-001	0.00000000e+000	
1.32870373e-001	0.00000000e+000	
1.33700813e-001	0.00000000e+000	
1.34531253e-001	0.00000000e+000	
1.35361692e-001	0.00000000e+000	
1.36192132e-001	0.00000000e+000	
1.37022572e-001	0.00000000e+000	
1.37853012e-001	0.00000000e+000	
1.38683452e-001	0.00000000e+000	
1.39513891e-001	0.00000000e+000	
1.40344331e-001	0.00000000e+000	
1.41174771e-001	0.00000000e+000	
1.42005211e-001	0.00000000e+000	
1.42835651e-001	0.00000000e+000	
1.43666091e-001	0.00000000e+000	
1.44496530e-001	0.00000000e+000	
1.45326970e-001	0.00000000e+000	
1.46157410e-001	0.00000000e+000	
1.46987850e-001	0.00000000e+000	
1.47818290e-001	0.00000000e+000	
1.48648730e-001	0.00000000e+000	
1.49479169e-001	0.00000000e+000	
1.50309609e-001	0.00000000e+000	
1.51140049e-001	0.00000000e+000	
1.51970489e-001	0.00000000e+000	
1.52800929e-001	0.00000000e+000	
1.53631369e-001	0.00000000e+000	
1.54461808e-001	0.00000000e+000	
1.55292248e-001	0.00000000e+000	
1.56122688e-001	0.00000000e+000	
1.56953128e-001	0.00000000e+000	
1.57783568e-001	0.00000000e+000	
1.58614008e-001	0.00000000e+000	
1.59444447e-001	0.00000000e+000	
1.60274887e-001	0.00000000e+000	
1.61105327e-001	0.00000000e+000	
1.61935767e-001	0.00000000e+000	
1.62766207e-001	0.00000000e+000	
1.63596647e-001	0.00000000e+000	
1.64427086e-001	0.00000000e+000	
1.65257526e-001	0.00000000e+000	
1.66087966e-001	0.00000000e+000	
1.66918406e-001	0.00000000e+000	
1.67748846e-001	0.00000000e+000	
1.68579286e-001	0.00000000e+000	
1.69409725e-001	0.00000000e+000	
1.70240165e-001	0.00000000e+000	
1.71070605e-001	0.00000000e+000	
1.71901045e-001	0.00000000e+000	
1.72731485e-001	0.00000000e+000	
1.73561925e-001	0.00000000e+000	
1.74392364e-001	0.00000000e+000	
1.75222804e-001	0.00000000e+000	
1.76053244e-001	0.00000000e+000	
1.76883684e-001	0.00000000e+000	
1.77714124e-001	0.00000000e+000	
1.78544564e-001	0.00000000e+000	
1.79375003e-001	0.00000000e+000	
1.80205443e-001	0.00000000e+000	
1.81035883e-001	0.00000000e+000	
1.81866323e-001	0.00000000e+000	
1.82696763e-001	0.00000000e+000	
1.83527202e-001	0.00000000e+000	
1.84357642e-001	0.00000000e+000	
1.85188082e-001	0.00000000e+000	
1.86018522e-001	0.00000000e+000	
1.86848962e-001	0.00000000e+000	
1.87679402e-001	0.00000000e+000	
1.88509841e-001	0.00000000e+000	
1.89340281e-001	0.00000000e+000	
1.90170721e-001	0.00000000e+000	
1.91001161e-001	0.00000000e+000	
1.91831601e-001	0.00000000e+000	
1.92662041e-001	0.00000000e+000	
1.93492480e-001	0.00000000e+000	
1.94322920e-001	0.00000000e+000	
1.95153360e-001	0.00000000e+000	
1.95983800e-001	0.00000000e+000	
1.96814240e-001	0.00000000e+000	
1.97644680e-001	0.00000000e+000	
1.98475119e-001	0.00000000e+000	
1.99305559e-001	0.00000000e+000	
2.00135999e-001	0.00000000e+000	
2.00966439e-001	0.00000000e+000	
2.01796879e-001	0.00000000e+000	
2.02627319e-001	0.00000000e+000	
2.03457758e-001	0.00000000e+000	
2.04288198e-001	0.00000000e+000	
2.05118638e-001	0.00000000e+000	
2.05949078e-001	0.00000000e+000	
2.06779518e-001	0.00000000e+000	
2.07609958e-001	0.00000000e+000	
2.08440397e-001	0.00000000e+000	
2.09270837e-001	0.00000000e+000	
2.10101277e-001	0.00000000e+000	
2.10931717e-001	0.00000000e+000	
2.11762157e-001	0.00000000e+000	
2.12592597e-001	0.00000000e+000	
2.13423036e-001	0.00000000e+000	
2.14253476e-001	0.00000000e+000	
2.15083916e-001	0.00000000e+000	
2.15914356e-001	0.00000000e+000	
2.16744796e-001	0.00000000e+000	
2.17575236e-001	0.00000000e+000	
2.18405675e-001	0.00000000e+000	
2.19236115e-001	0.00000000e+000	
2.20066555e-001	0.00000000e+000	
2.20896995e-001	0.00000000e+000	
2.21727435e-001	0.00000000e+000	
2.22557875e-001	0.00000000e+000	
2.23388314e-001	0.00000000e+000	
2.24218754e-001	0.00000000e+000	
2.25049194e-001	0.00000000e+000	
2.25879634e-001	0.00000000e+000	
2.26710074e-001	0.00000000e+000	
2.27540513e-001	0.00000000e+000	
2.28370953e-001	0.00000000e+000	
2.29201393e-001	0.00000000e+000	
2.30031833e-001	0.00000000e+000	
2.30862273e-001	0.00000000e+000	
2.31692713e-001	0.00000000e+000	
2.32523152e-001	0.00000000e+000	
2.33353592e-001	0.00000000e+000	
2.34184032e-001	0.00000000e+000	
2.35014472e-001	0.00000000e+000	
2.35844912e-001	0.00000000e+000	
2.36675352e-001	0.00000000e+000	
2.37505791e-001	0.00000000e+000	
2.38336231e-001	0.00000000e+000	
2.39166671e-001	0.00000000e+000	
2.39997111e-001	0.00000000e+000	
2.40827551e-001	0.00000000e+000	
2.41657991e-001	0.00000000e+000	
2.42488430e-001	0.00000000e+000	
2.43318870e-001	0.00000000e+000	
2.44149310e-001	0.00000000e+000	
2.44979750e-001	0.00000000e+000	
2.45810190e-001	0.00000000e+000	
2.46640630e-001	0.00000000e+000	
2.47471069e-001	0.00000000e+000	
2.48301509e-001	0.00000000e+000	
2.49131949e-001	0.00000000e+000	
2.49962389e-001	0.00000000e+000	
2.50792829e-001	0.00000000e+000	
2.51623269e-001	0.00000000e+000	
2.52453708e-001	0.00000000e+000	
2.53284148e-001	0.00000000e+000	
2.54114588e-001	0.00000000e+000	
2.54945028e-001	0.00000000e+000	
2.55775468e-001	0.00000000e+000	
2.56605908e-001	0.00000000e+000	
2.57436347e-001	0.00000000e+000	
2.58266787e-001	0.00000000e+000	
2.59097227e-001	0.00000000e+000	
2.59927667e-001	0.00000000e+000	
2.60758107e-001	0.00000000e+000	
2.61588547e-001	0.00000000e+000	
2.62418986e-001	0.00000000e+000	
2.63249426e-001	0.00000000e+000	
2.64079866e-001	0.00000000e+000	
2.64910306e-001	0.00000000e+000	
2.65740746e-001	0.00000000e+000	
2.66571186e-001	0.00000000e+000	
2.67401625e-001	0.00000000e+000	
2.68232065e-001	0.00000000e+000	
2.69062505e-001	0.00000000e+000	
2.69892945e-001	0.00000000e+000	
2.70723385e-001	0.00000000e+000	
2.71553824e-001	0.00000000e+000	
2.72384264e-001	0.00000000e+000	
2.73214704e-001	0.00000000e+000	
2.74045144e-001	0.00000000e+000	
2.74875584e-001	0.00000000e+000	
2.75706024e-001	0.00000000e+000	
2.76536463e-001	0.00000000e+000	
2.77366903e-001	0.00000000e+000	
2.78197343e-001	0.00000000e+000	
2.79027783e-001	0.00000000e+000	
2.79858223e-001	0.00000000e+000	
2.80688663e-001	0.00000000e+000	
2.81519102e-001	0.00000000e+000	
2.82349542e-001	0.00000000e+000	
2.83179982e-001	0.00000000e+000	
2.84010422e-001	0.00000000e+000	
2.84840862e-001	0.00000000e+000	
2.85671302e-001	0.00000000e+000	
2.86501741e-001	0.00000000e+000	
2.87332181e-001	0.00000000e+000	
2.88162621e-001	0.00000000e+000	
2.88993061e-001	0.00000000e+000	
2.89823501e-001	0.00000000e+000	
2.90653941e-001	0.00000000e+000	
2.91484380e-001	0.00000000e+000	
2.92314820e-001	0.00000000e+000	
2.93145260e-001	0.00000000e+000	
2.93975700e-001	0.00000000e+000	
2.94806140e-001	0.00000000e+000	
2.95636580e-001	0.00000000e+000	
2.96467019e-001	0.00000000e+000	
2.97297459e-001	0.00000000e+000	
2.98127899e-001	0.00000000e+000	
2.98958339e-001	0.00000000e+000	
2.99788779e-001	0.00000000e+000	
3.00619219e-001	0.00000000e+000	
3.01449658e-001	0.00000000e+000	
3.02280098e-001	0.00000000e+000	
3.03110538e-001	0.00000000e+000	
3.03940978e-001	0.00000000e+000	
3.04771418e-001	0.00000000e+000	
3.05601858e-001	0.00000000e+000	
3.06432297e-001	0.00000000e+000	
3.07262737e-001	0.00000000e+000	
3.08093177e-001	0.00000000e+000	
3.08923617e-001	0.00000000e+000	
3.09754057e-001	0.00000000e+000	
3.10584497e-001	0.00000000e+000	
3.11414936e-001	0.00000000e+000	
3.12245376e-001	0.00000000e+000	
3.13075816e-001	0.00000000e+000	
3.13906256e-001	0.00000000e+000	
3.14736696e-001	0.00000000e+000	
3.15567136e-001	0.00000000e+000	
3.16397575e-001	0.00000000e+000	
3.17228015e-001	0.00000000e+000	
3.18058455e-001	0.00000000e+000	
3.18888895e-001	0.00000000e+000	
3.19719335e-001	0.00000000e+000	
3.20549774e-001	0.00000000e+000	
3.21380214e-001	0.00000000e+000	
3.22210654e-001	0.00000000e+000	
3.23041094e-001	0.00000000e+000	
3.23871534e-001	0.00000000e+000	
3.24701974e-001	0.00000000e+000	
3.25532413e-001	0.00000000e+000	
3.26362853e-001	0.00000000e+000	
3.27193293e-001	0.00000000e+000	
3.28023733e-001	0.00000000e+000	
3.28854173e-001	0.00000000e+000	
3.29684613e-001	0.00000000e+000	
3.30515052e-001	0.00000000e+000	
3.31345492e-001	0.00000000e+000	
3.32175932e-001	0.00000000e+000	
3.33006372e-001	0.00000000e+000	
3.33836812e-001	0.00000000e+000	
3.34667252e-001	0.00000000e+000	
3.35497691e-001	0.00000000e+000	
3.36328131e-001	0.00000000e+000	
3.37158571e-001	0.00000000e+000	
3.37989011e-001	0.00000000e+000	
3.38819451e-001	0.00000000e+000	
3.39649891e-001	0.00000000e+000	
3.40480330e-001	0.00000000e+000	
3.41310770e-001	0.00000000e+000	
3.42141210e-001	0.00000000e+000	
3.42971650e-001	0.00000000e+000	
3.43802090e-001	0.00000000e+000	
3.44632530e-001	0.00000000e+000	
3.45462969e-001	0.00000000e+000	
3.46293409e-001	0.00000000e+000	
3.47123849e-001	0.00000000e+000	
3.47954289e-001	0.00000000e+000	
3.48784729e-001	0.00000000e+000	
3.49615169e-001	0.00000000e+000	
3.50445608e-001	0.00000000e+000	
3.51276048e-001	0.00000000e+000	
3.52106488e-001	0.00000000e+000	
3.52936928e-001	0.00000000e+000	
3.53767368e-001	0.00000000e+000	
3.54597808e-001	0.00000000e+000	
3.55428247e-001	0.00000000e+000	
3.56258687e-001	0.00000000e+000	
3.57089127e-001	0.00000000e+000	
3.57919567e-001	0.00000000e+000	
3.58750007e-001	0.00000000e+000	
3.59580447e-001	0.00000000e+000	
3.60410886e-001	0.00000000e+000	
3.61241326e-001	0.00000000e+000	
3.62071766e-001	0.00000000e+000	
3.62902206e-001	0.00000000e+000	
3.63732646e-001	0.00000000e+000	
3.64563085e-001	0.00000000e+000	
3.65393525e-001	0.00000000e+000	
3.66223965e-001	0.00000000e+000	
3.67054405e-001	0.00000000e+000	
3.67884845e-001	0.00000000e+000	
3.68715285e-001	0.00000000e+000	
3.69545724e-001	0.00000000e+000	
3.70376164e-001	0.00000000e+000	
3.71206604e-001	0.00000000e+000	
3.72037044e-001	0.00000000e+000	
3.72867484e-001	0.00000000e+000	
3.73697924e-001	0.00000000e+000	
3.74528363e-001	0.00000000e+000	
3.75358803e-001	0.00000000e+000	
3.76189243e-001	0.00000000e+000	
3.77019683e-001	0.00000000e+000	
3.77850123e-001	0.00000000e+000	
3.78680563e-001	0.00000000e+000	
3.79511002e-001	0.00000000e+000	
3.80341442e-001	0.00000000e+000	
3.81171882e-001	0.00000000e+000	
3.82002322e-001	0.00000000e+000	
3.82832762e-001	0.00000000e+000	
3.83663202e-001	0.00000000e+000	
3.84493641e-001	0.00000000e+000	
3.85324081e-001	0.00000000e+000	
3.86154521e-001	0.00000000e+000	
3.86984961e-001	0.00000000e+000	
3.87815401e-001	0.00000000e+000	
3.88645841e-001	0.00000000e+000	
3.89476280e-001	0.00000000e+000	
3.90306720e-001	0.00000000e+000	
3.91137160e-001	0.00000000e+000	
3.91967600e-001	0.00000000e+000	
3.92798040e-001	0.00000000e+000	
3.93628480e-001	0.00000000e+000	
3.94458919e-001	0.00000000e+000	
3.95289359e-001	0.00000000e+000	
3.96119799e-001	0.00000000e+000	
3.96950239e-001	0.00000000e+000	
3.97780679e-001	0.00000000e+000	
3.98611119e-001	0.00000000e+000	
3.99441558e-001	0.00000000e+000	
4.00271998e-001	0.00000000e+000	
4.01102438e-001	0.00000000e+000	
4.01932878e-001	0.00000000e+000	
4.02763318e-001	0.00000000e+000	
4.03593758e-001	0.00000000e+000	
4.04424197e-001	0.00000000e+000	
4.05254637e-001	0.00000000e+000	
4.06085077e-001	0.00000000e+000	
4.06915517e-001	0.00000000e+000	
4.07745957e-001	0.00000000e+000	
4.08576396e-001	0.00000000e+000	
4.09406836e-001	0.00000000e+000	
4.10237276e-001	0.00000000e+000	
4.11067716e-001	0.00000000e+000	
4.11898156e-001	0.00000000e+000	
4.12728596e-001	0.00000000e+000	
4.13559035e-001	0.00000000e+000	
4.14389475e-001	0.00000000e+000	
4.15219915e-001	0.00000000e+000	
4.16050355e-001	0.00000000e+000	
4.16880795e-001	0.00000000e+000	
4.17711235e-001	0.00000000e+000	
4.18541674e-001	0.00000000e+000	
4.19372114e-001	0.00000000e+000	
4.20202554e-001	0.00000000e+000	
4.21032994e-001	0.00000000e+000	
4.21863434e-001	0.00000000e+000	
4.22693874e-001	0.00000000e+000	
4.23524313e-001	0.00000000e+000	
4.24354753e-001	0.00000000e+000	
4.25185193e-001	0.00000000e+000	
4.26015633e-001	0.00000000e+000	
4.26846073e-001	4.26300887e+004	
4.27676513e-001	4.24668430e+004	
4.28506952e-001	4.23035974e+004	
4.29337392e-001	4.21403517e+004	
4.30167832e-001	4.19771060e+004	
4.30998272e-001	4.18138603e+004	
4.31828712e-001	4.16506146e+004	
4.32659152e-001	4.14873689e+004	
4.33489591e-001	4.13241233e+004	
4.34320031e-001	4.11648771e+004	
4.35150471e-001	4.10083037e+004	
4.35980911e-001	4.08517303e+004	
4.36811351e-001	4.06951568e+004	
4.37641791e-001	4.05385834e+004	
4.38472230e-001	4.03820100e+004	
4.39302670e-001	4.02254365e+004	
4.40133110e-001	4.00688631e+004	
4.40963550e-001	3.99122896e+004	
4.41793990e-001	3.97553501e+004	
4.42624430e-001	3.95974135e+004	
4.43454869e-001	3.94394769e+004	
4.44285309e-001	3.92843680e+004	
4.45115749e-001	3.91323142e+004	
4.45946189e-001	3.89823418e+004	
4.46776629e-001	3.88346970e+004	
4.47607069e-001	3.86870522e+004	
4.48437508e-001	3.85394074e+004	
4.49267948e-001	3.83917625e+004	
4.50098388e-001	3.82441177e+004	
4.50928828e-001	3.80964729e+004	
4.51759268e-001	3.79488281e+004	
4.52589707e-001	3.78011832e+004	
4.53420147e-001	3.76535384e+004	
4.54250587e-001	3.75058936e+004	
4.55081027e-001	3.73582488e+004	
4.55911467e-001	3.72106039e+004	
4.56741907e-001	3.70629591e+004	
4.57572346e-001	3.69178214e+004	
4.58402786e-001	3.67735452e+004	
4.59233226e-001	3.66294032e+004	
4.60063666e-001	3.64908675e+004	
4.60894106e-001	3.63523317e+004	
4.61724546e-001	3.62137959e+004	
4.62554985e-001	3.60752601e+004	
4.63385425e-001	3.59367243e+004	
4.64215865e-001	3.57981885e+004	
4.65046305e-001	3.56596527e+004	
4.65876745e-001	3.55211170e+004	
4.66707185e-001	3.53825812e+004	
4.67537624e-001	3.52440454e+004	
4.68368064e-001	3.51055096e+004	
4.69198504e-001	3.49669738e+004	
4.70028944e-001	3.48284380e+004	
4.70859384e-001	3.46899023e+004	
4.71689824e-001	3.45513665e+004	
4.72520263e-001	3.44128307e+004	
4.73350703e-001	3.42742949e+004	
4.74181143e-001	3.41365461e+004	
4.75011583e-001	3.40004625e+004	
4.75842023e-001	3.38643789e+004	
4.76672463e-001	3.37282953e+004	
4.77502902e-001	3.35922117e+004	
4.78333342e-001	3.34681748e+004	
4.79163782e-001	3.33444167e+004	
4.79994222e-001	3.32206586e+004	
4.80824662e-001	3.30969005e+004	
4.81655102e-001	3.29731424e+004	
4.82485541e-001	3.28493843e+004	
4.83315981e-001	3.27256262e+004	
4.84146421e-001	3.26018681e+004	
4.84976861e-001	3.24781100e+004	
4.85807301e-001	3.23543519e+004	
4.86637741e-001	3.22305937e+004	
4.87468180e-001	3.21068356e+004	
4.88298620e-001	3.19830775e+004	
4.89129060e-001	3.18593194e+004	
4.89959500e-001	3.17355613e+004	
4.90789940e-001	3.16118032e+004	
4.91620380e-001	3.14880451e+004	
4.92450819e-001	3.13642870e+004	
4.93281259e-001	3.12405289e+004	
4.94111699e-001	3.11167708e+004	
4.94942139e-001	3.09930126e+004	
4.95772579e-001	3.08692545e+004	
4.96603018e-001	3.07454964e+004	
4.97433458e-001	3.06217383e+004	
4.98263898e-001	3.04979802e+004	
4.99094338e-001	3.03742221e+004	
4.99924778e-001	3.02504640e+004	
5.00755218e-001	3.01267059e+004	
5.01585657e-001	3.00018785e+004	
5.02416097e-001	2.98769921e+004	
5.03246537e-001	2.97521057e+004	
5.04076977e-001	2.96272192e+004	
5.04907417e-001	2.95023328e+004	
5.05737857e-001	2.93774464e+004	
5.06568296e-001	2.92525599e+004	
5.07398736e-001	2.91276735e+004	
5.08229176e-001	2.90095780e+004	
5.09059616e-001	2.89002888e+004	
5.09890056e-001	2.87910088e+004	
5.10720496e-001	2.86817416e+004	
5.11550935e-001	2.85724744e+004	
5.12381375e-001	2.84632073e+004	
5.13211815e-001	2.83539401e+004	
5.14042255e-001	2.82446729e+004	
5.14872695e-001	2.81354057e+004	
5.15703135e-001	2.80261386e+004	
5.16533574e-001	2.79168714e+004	
5.17364014e-001	2.78076042e+004	
5.18194454e-001	2.76983370e+004	
5.19024894e-001	2.75890699e+004	
5.19855334e-001	2.74798027e+004	
5.20685774e-001	2.73705355e+004	
5.21516213e-001	2.72612684e+004	
5.22346653e-001	2.71520012e+004	
5.23177093e-001	2.70427340e+004	
5.24007533e-001	2.69334668e+004	
5.24837973e-001	2.68241997e+004	
5.25668413e-001	2.67149325e+004	
5.26498852e-001	2.66056653e+004	
5.27329292e-001	2.64963981e+004	
5.28159732e-001	2.63871310e+004	
5.28990172e-001	2.62778638e+004	
5.29820612e-001	2.61685966e+004	
5.30651052e-001	2.60593294e+004	
5.31481491e-001	2.59500623e+004	
5.32311931e-001	2.58407951e+004	
5.33142371e-001	2.57315279e+004	
5.33972811e-001	2.56222607e+004	
5.34803251e-001	2.55129936e+004	
5.35633691e-001	2.54037264e+004	
5.36464130e-001	2.52944592e+004	
5.37294570e-001	2.51851920e+004	
5.38125010e-001	2.50759249e+004	
5.38955450e-001	2.49666577e+004	
5.39785890e-001	2.48573905e+004	
5.40616330e-001	2.47481234e+004	
5.41446769e-001	2.46388562e+004	
5.42277209e-001	2.45295890e+004	
5.43107649e-001	2.44203218e+004	
5.43938089e-001	2.43110547e+004	
5.44768529e-001	2.42017875e+004	
5.45598968e-001	2.40925203e+004	
5.46429408e-001	2.39832531e+004	
5.47259848e-001	2.38739860e+004	
5.48090288e-001	2.37647188e+004	
5.48920728e-001	2.36554516e+004	
5.49751168e-001	2.35461844e+004	
5.50581607e-001	2.34528026e+004	
5.51412047e-001	2.33630543e+004	
5.52242487e-001	2.32733060e+004	
5.53072927e-001	2.31835577e+004	
5.53903367e-001	2.30938095e+004	
5.54733807e-001	2.30040612e+004	
5.55564246e-001	2.29143129e+004	
5.56394686e-001	2.28245647e+004	
5.57225126e-001	2.27348164e+004	
5.58055566e-001	2.26450681e+004	
5.58886006e-001	2.25553199e+004	
5.59716446e-001	2.24655716e+004	
5.60546885e-001	2.23758233e+004	
5.61377325e-001	2.22860751e+004	
5.62207765e-001	2.21963268e+004	
5.63038205e-001	2.21065785e+004	
5.63868645e-001	2.20168303e+004	
5.64699085e-001	2.19270820e+004	
5.65529524e-001	2.18373337e+004	
5.66359964e-001	2.17475854e+004	
5.67190404e-001	2.16578372e+004	
5.68020844e-001	2.15680889e+004	
5.68851284e-001	2.14783406e+004	
5.69681724e-001	2.13885924e+004	
5.70512163e-001	2.12988441e+004	
5.71342603e-001	2.12090958e+004	
5.72173043e-001	2.11193476e+004	
5.73003483e-001	2.10295993e+004	
5.73833923e-001	2.09398510e+004	
5.74664363e-001	2.08501028e+004	
5.75494802e-001	2.07603545e+004	
5.76325242e-001	2.06706062e+004	
5.77155682e-001	2.05808579e+004	
5.77986122e-001	2.04911097e+004	
5.78816562e-001	2.04013614e+004	
5.79647002e-001	2.03116131e+004	
5.80477441e-001	2.02218649e+004	
5.81307881e-001	2.01321166e+004	
5.82138321e-001	2.00423683e+004	
5.82968761e-001	1.99526201e+004	
5.83799201e-001	1.98628718e+004	
5.84629641e-001	1.97731235e+004	
5.85460080e-001	1.96808120e+004	
5.86290520e-001	1.95862840e+004	
5.87120960e-001	1.94917560e+004	
5.87951400e-001	1.93972280e+004	
5.88781840e-001	1.93026999e+004	
5.89612279e-001	1.92081719e+004	
5.90442719e-001	1.91136439e+004	
5.91273159e-001	1.90191159e+004	
5.92103599e-001	1.89355912e+004	
5.92934039e-001	1.88562113e+004	
5.93764479e-001	1.87768315e+004	
5.94594918e-001	1.86974517e+004	
5.95425358e-001	1.86180719e+004	
5.96255798e-001	1.85386921e+004	
5.97086238e-001	1.84593122e+004	
5.97916678e-001	1.83817659e+004	
5.98747118e-001	1.83055066e+004	
5.99577557e-001	1.82292474e+004	
6.00407997e-001	1.81529881e+004	
6.01238437e-001	1.80767288e+004	
6.02068877e-001	1.80004696e+004	
6.02899317e-001	1.79242103e+004	
6.03729757e-001	1.78479511e+004	
6.04560196e-001	1.77716918e+004	
6.05390636e-001	1.76954325e+004	
6.06221076e-001	1.76191733e+004	
6.07051516e-001	1.75429140e+004	
6.07881956e-001	1.74666548e+004	
6.08712396e-001	1.73903955e+004	
6.09542835e-001	1.73141362e+004	
6.10373275e-001	1.72378770e+004	
6.11203715e-001	1.71616177e+004	
6.12034155e-001	1.70853585e+004	
6.12864595e-001	1.70090992e+004	
6.13695035e-001	1.69328399e+004	
6.14525474e-001	1.68565807e+004	
6.15355914e-001	1.67803214e+004	
6.16186354e-001	1.67040622e+004	
6.17016794e-001	1.66278029e+004	
6.17847234e-001	1.65515437e+004	
6.18677674e-001	1.64752844e+004	
6.19508113e-001	1.63990251e+004	
6.20338553e-001	1.63227659e+004	
6.21168993e-001	1.62465066e+004	
6.21999433e-001	1.61702474e+004	
6.22829873e-001	1.60939881e+004	
6.23660313e-001	1.60177288e+004	
6.24490752e-001	1.59414696e+004	
6.25321192e-001	1.58652103e+004	
6.26151632e-001	1.57889511e+004	
6.26982072e-001	1.57126918e+004	
6.27812512e-001	1.56364325e+004	
6.28642952e-001	1.55601733e+004	
6.29473391e-001	1.54839140e+004	
6.30303831e-001	1.54076548e+004	
6.31134271e-001	1.53313955e+004	
6.31964711e-001	1.52551362e+004	
6.32795151e-001	1.51788770e+004	
6.33625590e-001	1.51026177e+004	
6.34456030e-001	1.50263585e+004	
6.35286470e-001	1.49500992e+004	
6.36116910e-001	1.48727075e+004	
6.36947350e-001	1.47945312e+004	
6.37777790e-001	1.47163550e+004	
6.38608229e-001	1.46381787e+004	
6.39438669e-001	1.45600025e+004	
6.40269109e-001	1.44818262e+004	
6.41099549e-001	1.44036500e+004	
6.41929989e-001	1.43254737e+004	
6.42760429e-001	1.42472974e+004	
6.43590868e-001	1.41691212e+004	
6.44421308e-001	1.40909449e+004	
6.45251748e-001	1.40127687e+004	
6.46082188e-001	1.39345924e+004	
6.46912628e-001	1.38564161e+004	
6.47743068e-001	1.37782399e+004	
6.48573507e-001	1.37000636e+004	
6.49403947e-001	1.36218874e+004	
6.50234387e-001	1.35437111e+004	
6.51064827e-001	1.34655349e+004	
6.51895267e-001	1.33873586e+004	
6.52725707e-001	1.33091823e+004	
6.53556146e-001	1.32310061e+004	
6.54386586e-001	1.31528298e+004	
6.55217026e-001	1.30746536e+004	
6.56047466e-001	1.29964773e+004	
6.56877906e-001	1.29183011e+004	
6.57708346e-001	1.28401248e+004	
6.58538785e-001	1.27650813e+004	
6.59369225e-001	1.26922728e+004	
6.60199665e-001	1.26194643e+004	
6.61030105e-001	1.25466558e+004	
6.61860545e-001	1.24738473e+004	
6.62690985e-001	1.24029686e+004	
6.63521424e-001	1.23415411e+004	
6.64351864e-001	1.22801137e+004	
6.65182304e-001	1.22186862e+004	
6.66012744e-001	1.21572588e+004	
6.66843184e-001	1.20958313e+004	
6.67673624e-001	1.20344039e+004	
6.68504063e-001	1.19729764e+004	
6.69334503e-001	1.19104502e+004	
6.70164943e-001	1.18473704e+004	
6.70995383e-001	1.17842905e+004	
6.71825823e-001	1.17212107e+004	
6.72656263e-001	1.16581309e+004	
6.73486702e-001	1.15950511e+004	
6.74317142e-001	1.15319713e+004	
6.75147582e-001	1.14688915e+004	
6.75978022e-001	1.14058117e+004	
6.76808462e-001	1.13427319e+004	
6.77638901e-001	1.12796521e+004	
6.78469341e-001	1.12165723e+004	
6.79299781e-001	1.11534924e+004	
6.80130221e-001	1.10904126e+004	
6.80960661e-001	1.10273328e+004	
6.81791101e-001	1.09642530e+004	
6.82621540e-001	1.09011732e+004	
6.83451980e-001	1.08380934e+004	
6.84282420e-001	1.07750136e+004	
6.85112860e-001	1.07119338e+004	
6.85943300e-001	1.06488540e+004	
6.86773740e-001	1.05857741e+004	
6.87604179e-001	1.05226943e+004	
6.88434619e-001	1.04596145e+004	
6.89265059e-001	1.03965347e+004	
6.90095499e-001	1.03334549e+004	
6.90925939e-001	1.02703751e+004	
6.91756379e-001	1.02072953e+004	
6.92586818e-001	1.01442155e+004	
6.93417258e-001	1.00811357e+004	
6.94247698e-001	1.00180558e+004	
6.95078138e-001	9.95497604e+003	
6.95908578e-001	9.89189623e+003	
6.96739018e-001	9.82881642e+003	
6.97569457e-001	9.76573661e+003	
6.98399897e-001	9.70265680e+003	
6.99230337e-001	9.63957698e+003	
7.00060777e-001	9.57649717e+003	
7.00891217e-001	9.51341736e+003	
7.01721657e-001	9.45033755e+003	
7.02552096e-001	9.38725774e+003	
7.03382536e-001	9.32417793e+003	
7.04212976e-001	9.26109812e+003	
7.05043416e-001	9.19801831e+003	
7.05873856e-001	9.13493850e+003	
7.06704296e-001	9.07185869e+003	
7.07534735e-001	9.00877888e+003	
7.08365175e-001	8.94569907e+003	
7.09195615e-001	8.88261926e+003	
7.10026055e-001	8.81953945e+003	
7.10856495e-001	8.75645963e+003	
7.11686935e-001	8.69337982e+003	
7.12517374e-001	8.63030001e+003	
7.13347814e-001	8.56722020e+003	
7.14178254e-001	8.50414039e+003	
7.15008694e-001	8.44106058e+003	
7.15839134e-001	8.37798077e+003	
7.16669574e-001	8.31490096e+003	
7.17500013e-001	8.25182115e+003	
7.18330453e-001	8.18874134e+003	
7.19160893e-001	8.12566153e+003	
7.19991333e-001	8.06258172e+003	
7.20821773e-001	7.99950191e+003	
7.21652213e-001	7.93642210e+003	
7.22482652e-001	7.87334228e+003	
7.23313092e-001	7.81026247e+003	
7.24143532e-001	7.74718266e+003	
7.24973972e-001	7.68410285e+003	
7.25804412e-001	7.62102304e+003	
7.26634851e-001	7.55794323e+003	
7.27465291e-001	7.49486342e+003	
7.28295731e-001	7.43178361e+003	
7.29126171e-001	7.36870380e+003	
7.29956611e-001	7.30562399e+003	
7.30787051e-001	7.24254418e+003	
7.31617490e-001	7.17946437e+003	
7.32447930e-001	7.11638456e+003	
7.33278370e-001	7.05446867e+003	
7.34108810e-001	7.00070892e+003	
7.34939250e-001	6.94694916e+003	
7.35769690e-001	6.89318940e+003	
7.36600129e-001	6.83942964e+003	
7.37430569e-001	6.78566988e+003	
7.38261009e-001	6.73191012e+003	
7.39091449e-001	6.67815036e+003	
7.39921889e-001	6.62439060e+003	
7.40752329e-001	6.57063084e+003	
7.41582768e-001	6.51687109e+003	
7.42413208e-001	6.46311133e+003	
7.43243648e-001	6.40935157e+003	
7.44074088e-001	6.35559181e+003	
7.44904528e-001	6.30183205e+003	
7.45734968e-001	6.24807229e+003	
7.46565407e-001	6.19431253e+003	
7.47395847e-001	6.14055277e+003	
7.48226287e-001	6.08679301e+003	
7.49056727e-001	6.03303325e+003	
7.49887167e-001	5.97927350e+003	
7.50717607e-001	5.92551374e+003	
7.51548046e-001	5.87175398e+003	
7.52378486e-001	5.81799422e+003	
7.53208926e-001	5.76416023e+003	
7.54039366e-001	5.71025519e+003	
7.54869806e-001	5.65635015e+003	
7.55700246e-001	5.60244512e+003	
7.56530685e-001	5.54854008e+003	
7.57361125e-001	5.49463504e+003	
7.58191565e-001	5.44073000e+003	
7.59022005e-001	5.38682496e+003	
7.59852445e-001	5.33291992e+003	
7.60682885e-001	5.27901488e+003	
7.61513324e-001	5.22510984e+003	
7.62343764e-001	5.17120480e+003	
7.63174204e-001	5.11729976e+003	
7.64004644e-001	5.06339472e+003	
7.64835084e-001	5.00948968e+003	
7.65665524e-001	4.95558464e+003	
7.66495963e-001	4.90167960e+003	
7.67326403e-001	4.84777456e+003	
7.68156843e-001	4.79386952e+003	
7.68987283e-001	4.73996448e+003	
7.69817723e-001	4.68605945e+003	
7.70648162e-001	4.63215441e+003	
7.71478602e-001	4.57824937e+003	
7.72309042e-001	4.52434433e+003	
7.73139482e-001	4.47043929e+003	
7.73969922e-001	4.41653425e+003	
7.74800362e-001	4.36317664e+003	
7.75630801e-001	4.31433820e+003	
7.76461241e-001	4.26549977e+003	
7.77291681e-001	4.21666134e+003	
7.78122121e-001	4.16782290e+003	
7.78952561e-001	4.11898447e+003	
7.79783001e-001	4.07014604e+003	
7.80613440e-001	4.02130760e+003	
7.81443880e-001	3.97246917e+003	
7.82274320e-001	3.92363074e+003	
7.83104760e-001	3.87479230e+003	
7.83935200e-001	3.82595387e+003	
7.84765640e-001	3.77711544e+003	
7.85596079e-001	3.72827700e+003	
7.86426519e-001	3.67943857e+003	
7.87256959e-001	3.63060014e+003	
7.88087399e-001	3.58176170e+003	
7.88917839e-001	3.53292327e+003	
7.89748279e-001	3.48408484e+003	
7.90578718e-001	3.43524640e+003	
7.91409158e-001	3.38640797e+003	
7.92239598e-001	3.33756954e+003	
7.93070038e-001	3.28873111e+003	
7.93900478e-001	3.23989267e+003	
7.94730918e-001	3.19105424e+003	
7.95561357e-001	3.14221581e+003	
7.96391797e-001	3.09337737e+003	
7.97222237e-001	3.04451064e+003	
7.98052677e-001	2.99520828e+003	
7.98883117e-001	2.94590591e+003	
7.99713557e-001	2.89660355e+003	
8.00543996e-001	2.84730119e+003	
8.01374436e-001	2.79799883e+003	
8.02204876e-001	2.74975204e+003	
8.03035316e-001	2.70325496e+003	
8.03865756e-001	2.65675788e+003	
8.04696196e-001	2.61026080e+003	
8.05526635e-001	2.56376372e+003	
8.06357075e-001	2.51726664e+003	
8.07187515e-001	2.47076956e+003	
8.08017955e-001	2.42427248e+003	
8.08848395e-001	2.37777540e+003	
8.09678835e-001	2.33127832e+003	
8.10509274e-001	2.28478124e+003	
8.11339714e-001	2.23828416e+003	
8.12170154e-001	2.19178708e+003	
8.13000594e-001	2.14529000e+003	
8.13831034e-001	2.09879292e+003	
8.14661473e-001	2.05229584e+003	
8.15491913e-001	2.00579876e+003	
8.16322353e-001	1.95930168e+003	
8.17152793e-001	1.91280460e+003	
8.17983233e-001	1.86630752e+003	
8.18813673e-001	1.82022699e+003	
8.19644112e-001	1.77422931e+003	
8.20474552e-001	1.72823163e+003	
8.21304992e-001	1.68223396e+003	
8.22135432e-001	1.63735065e+003	
8.22965872e-001	1.59335644e+003	
8.23796312e-001	1.54936223e+003	
8.24626751e-001	1.50536801e+003	
8.25457191e-001	1.46137380e+003	
8.26287631e-001	1.41714711e+003	
8.27118071e-001	1.37273289e+003	
8.27948511e-001	1.32831867e+003	
8.28778951e-001	1.28390445e+003	
8.29609390e-001	1.23949023e+003	
8.30439830e-001	1.19507602e+003	
8.31270270e-001	1.15066180e+003	
8.32100710e-001	1.10624758e+003	
8.32931150e-001	1.06183336e+003	
8.33761590e-001	1.01741914e+003	
8.34592029e-001	9.73004919e+002	
8.35422469e-001	9.28590700e+002	
8.36252909e-001	8.84176481e+002	
8.37083349e-001	8.39762261e+002	
8.37913789e-001	7.95348042e+002	
8.38744229e-001	7.50933823e+002	
8.39574668e-001	7.06827934e+002	
8.40405108e-001	6.64155160e+002	
8.41235548e-001	6.21482386e+002	
8.42065988e-001	5.78809611e+002	
8.42896428e-001	5.36136837e+002	
8.43726868e-001	4.93464062e+002	
8.44557307e-001	4.50791288e+002	
8.45387747e-001	4.08118514e+002	
8.46218187e-001	3.65445739e+002	
8.47048627e-001	3.22772965e+002	
8.47879067e-001	2.80100191e+002	
8.48709507e-001	2.37427416e+002	
8.49539946e-001	1.94754642e+002	
8.50370386e-001	1.52081868e+002	
8.51200826e-001	1.09409093e+002	
8.52031266e-001	6.67363188e+001	
8.52861706e-001	2.40635445e+001	
8.53692146e-001	0.00000000e+000	
8.54522585e-001	0.00000000e+000	
8.55353025e-001	0.00000000e+000	
8.56183465e-001	0.00000000e+000	
8.57013905e-001	0.00000000e+000	
8.57844345e-001	0.00000000e+000	
8.58674784e-001	0.00000000e+000	
8.59505224e-001	0.00000000e+000	
8.60335664e-001	0.00000000e+000	
8.61166104e-001	0.00000000e+000	
8.61996544e-001	0.00000000e+000	
8.62826984e-001	0.00000000e+000	
8.63657423e-001	0.00000000e+000	
8.64487863e-001	0.00000000e+000	
8.65318303e-001	0.00000000e+000	
8.66148743e-001	0.00000000e+000	
8.66979183e-001	0.00000000e+000	
8.67809623e-001	0.00000000e+000	
8.68640062e-001	0.00000000e+000	
8.69470502e-001	0.00000000e+000	
8.70300942e-001	0.00000000e+000	
8.71131382e-001	0.00000000e+000	
8.71961822e-001	0.00000000e+000	
8.72792262e-001	0.00000000e+000	
8.73622701e-001	0.00000000e+000	
8.74453141e-001	0.00000000e+000	
8.75283581e-001	0.00000000e+000	
8.76114021e-001	0.00000000e+000	
8.76944461e-001	0.00000000e+000	
8.77774901e-001	0.00000000e+000	
8.78605340e-001	0.00000000e+000	
8.79435780e-001	0.00000000e+000	
8.80266220e-001	0.00000000e+000	
8.81096660e-001	0.00000000e+000	
8.81927100e-001	0.00000000e+000	
8.82757540e-001	0.00000000e+000	
8.83587979e-001	0.00000000e+000	
8.84418419e-001	0.00000000e+000	
8.85248859e-001	0.00000000e+000	
8.86079299e-001	0.00000000e+000	
8.86909739e-001	0.00000000e+000	
8.87740179e-001	0.00000000e+000	
8.88570618e-001	0.00000000e+000	
8.89401058e-001	0.00000000e+000	
8.90231498e-001	0.00000000e+000	
8.91061938e-001	0.00000000e+000	
8.91892378e-001	0.00000000e+000	
8.92722818e-001	0.00000000e+000	
8.93553257e-001	0.00000000e+000	
8.94383697e-001	0.00000000e+000	
8.95214137e-001	0.00000000e+000	
8.96044577e-001	0.00000000e+000	
8.96875017e-001	0.00000000e+000	
8.97705457e-001	0.00000000e+000	
8.98535896e-001	0.00000000e+000	
8.99366336e-001	0.00000000e+000	
9.00196776e-001	0.00000000e+000	
9.01027216e-001	0.00000000e+000	
9.01857656e-001	0.00000000e+000	
9.02688095e-001	0.00000000e+000	
9.03518535e-001	0.00000000e+000	
9.04348975e-001	0.00000000e+000	
9.05179415e-001	0.00000000e+000	
9.06009855e-001	0.00000000e+000	
9.06840295e-001	0.00000000e+000	
9.07670734e-001	0.00000000e+000	
9.08501174e-001	0.00000000e+000	
9.09331614e-001	0.00000000e+000	
9.10162054e-001	0.00000000e+000	
9.10992494e-001	0.00000000e+000	
9.11822934e-001	0.00000000e+000	
9.12653373e-001	0.00000000e+000	
9.13483813e-001	0.00000000e+000	
9.14314253e-001	0.00000000e+000	
9.15144693e-001	0.00000000e+000	
9.15975133e-001	0.00000000e+000	
9.16805573e-001	0.00000000e+000	
9.17636012e-001	0.00000000e+000	
9.18466452e-001	0.00000000e+000	
9.19296892e-001	0.00000000e+000	
9.20127332e-001	0.00000000e+000	
9.20957772e-001	0.00000000e+000	
9.21788212e-001	0.00000000e+000	
9.22618651e-001	0.00000000e+000	
9.23449091e-001	0.00000000e+000	
9.24279531e-001	0.00000000e+000	
9.25109971e-001	0.00000000e+000	
9.25940411e-001	0.00000000e+000	
9.26770851e-001	0.00000000e+000	
9.27601290e-001	0.00000000e+000	
9.28431730e-001	0.00000000e+000	
9.29262170e-001	0.00000000e+000	
9.30092610e-001	0.00000000e+000	
9.30923050e-001	0.00000000e+000	
9.31753490e-001	0.00000000e+000	
9.32583929e-001	0.00000000e+000	
9.33414369e-001	0.00000000e+000	
9.34244809e-001	0.00000000e+000	
9.35075249e-001	0.00000000e+000	
9.35905689e-001	0.00000000e+000	
9.36736129e-001	0.00000000e+000	
9.37566568e-001	0.00000000e+000	
9.38397008e-001	0.00000000e+000	
9.39227448e-001	0.00000000e+000	
9.40057888e-001	0.00000000e+000	
9.40888328e-001	0.00000000e+000	
9.41718768e-001	0.00000000e+000	
9.42549207e-001	0.00000000e+000	
9.43379647e-001	0.00000000e+000	
9.44210087e-001	0.00000000e+000	
9.45040527e-001	0.00000000e+000	
9.45870967e-001	0.00000000e+000	
9.46701407e-001	0.00000000e+000	
9.47531846e-001	0.00000000e+000	
9.48362286e-001	0.00000000e+000	
9.49192726e-001	0.00000000e+000	
9.50023166e-001	0.00000000e+000	
9.50853606e-001	0.00000000e+000	
9.51684045e-001	0.00000000e+000	
9.52514485e-001	0.00000000e+000	
9.53344925e-001	0.00000000e+000	
9.54175365e-001	0.00000000e+000	
9.55005805e-001	0.00000000e+000	
9.55836245e-001	0.00000000e+000	
9.56666684e-001	0.00000000e+000	
9.57497124e-001	0.00000000e+000	
9.58327564e-001	0.00000000e+000	
9.59158004e-001	0.00000000e+000	
9.59988444e-001	0.00000000e+000	
9.60818884e-001	0.00000000e+000	
9.61649323e-001	0.00000000e+000	
9.62479763e-001	0.00000000e+000	
9.63310203e-001	0.00000000e+000	
9.64140643e-001	0.00000000e+000	
9.64971083e-001	0.00000000e+000	
9.65801523e-001	0.00000000e+000	
9.66631962e-001	0.00000000e+000	
9.67462402e-001	0.00000000e+000	
9.68292842e-001	0.00000000e+000	
9.69123282e-001	0.00000000e+000	
9.69953722e-001	0.00000000e+000	
9.70784162e-001	0.00000000e+000	
9.71614601e-001	0.00000000e+000	
9.72445041e-001	0.00000000e+000	
9.73275481e-001	0.00000000e+000	
9.74105921e-001	0.00000000e+000	
9.74936361e-001	0.00000000e+000	
9.75766801e-001	0.00000000e+000	
9.76597240e-001	0.00000000e+000	
9.77427680e-001	0.00000000e+000	
9.78258120e-001	0.00000000e+000	
9.79088560e-001	0.00000000e+000	
9.79919000e-001	0.00000000e+000	
9.80749440e-001	0.00000000e+000	
9.81579879e-001	0.00000000e+000	
9.82410319e-001	0.00000000e+000	
9.83240759e-001	0.00000000e+000	
9.84071199e-001	0.00000000e+000	
9.84901639e-001	0.00000000e+000	
9.85732079e-001	0.00000000e+000	
9.86562518e-001	0.00000000e+000	
9.87392958e-001	0.00000000e+000	
9.88223398e-001	0.00000000e+000	
9.89053838e-001	0.00000000e+000	
9.89884278e-001	0.00000000e+000	
9.90714718e-001	0.00000000e+000	
9.91545157e-001	0.00000000e+000	
9.92375597e-001	0.00000000e+000	
9.93206037e-001	0.00000000e+000	
9.94036477e-001	0.00000000e+000	
9.94866917e-001	0.00000000e+000	
9.95697356e-001	0.00000000e+000	
9.96527796e-001	0.00000000e+000	
9.97358236e-001	0.00000000e+000	
9.98188676e-001	0.00000000e+000	
9.99019116e-001	0.00000000e+000	
9.99849556e-001	0.00000000e+000	
1.00068000e+000	0.00000000e+000	
1.00151044e+000	0.00000000e+000	
1.00234088e+000	0.00000000e+000	
1.00317131e+000	0.00000000e+000	
1.00400175e+000	0.00000000e+000	
1.00483219e+000	0.00000000e+000	
1.00566263e+000	0.00000000e+000	
1.00649307e+000	0.00000000e+000	
1.00732351e+000	0.00000000e+000	
1.00815395e+000	0.00000000e+000	
1.00898439e+000	0.00000000e+000	
1.00981483e+000	0.00000000e+000	
1.01064527e+000	0.00000000e+000	
1.01147571e+000	0.00000000e+000	
1.01230615e+000	0.00000000e+000	
1.01313659e+000	0.00000000e+000	
1.01396703e+000	0.00000000e+000	
1.01479747e+000	0.00000000e+000	
1.01562791e+000	0.00000000e+000	
1.01645835e+000	0.00000000e+000	
1.01728879e+000	0.00000000e+000	
1.01811923e+000	0.00000000e+000	
1.01894967e+000	0.00000000e+000	
1.01978011e+000	0.00000000e+000	
1.02061055e+000	0.00000000e+000	
1.02144099e+000	0.00000000e+000	
1.02227143e+000	0.00000000e+000	
1.02310187e+000	0.00000000e+000	
1.02393231e+000	0.00000000e+000	
1.02476275e+000	0.00000000e+000	
1.02559319e+000	0.00000000e+000	
1.02642363e+000	0.00000000e+000	
1.02725407e+000	0.00000000e+000	
1.02808451e+000	0.00000000e+000	
1.02891495e+000	0.00000000e+000	
1.02974539e+000	0.00000000e+000	
1.03057583e+000	0.00000000e+000	
1.03140627e+000	0.00000000e+000	
1.03223671e+000	0.00000000e+000	
1.03306715e+000	0.00000000e+000	
1.03389759e+000	0.00000000e+000	
1.03472803e+000	0.00000000e+000	
1.03555847e+000	0.00000000e+000	
1.03638891e+000	0.00000000e+000	
1.03721935e+000	0.00000000e+000	
1.03804979e+000	0.00000000e+000	
1.03888023e+000	0.00000000e+000	
1.03971067e+000	0.00000000e+000	
1.04054111e+000	0.00000000e+000	
1.04137155e+000	0.00000000e+000	
1.04220199e+000	0.00000000e+000	
1.04303243e+000	0.00000000e+000	
1.04386287e+000	0.00000000e+000	
1.04469331e+000	0.00000000e+000	
1.04552375e+000	0.00000000e+000	
1.04635419e+000	0.00000000e+000	
1.04718463e+000	0.00000000e+000	
1.04801507e+000	0.00000000e+000	
1.04884551e+000	0.00000000e+000	
1.04967595e+000	0.00000000e+000	
1.05050639e+000	0.00000000e+000	
1.05133683e+000	0.00000000e+000	
1.05216726e+000	0.00000000e+000	
1.05299770e+000	0.00000000e+000	
1.05382814e+000	0.00000000e+000	
1.05465858e+000	0.00000000e+000	
1.05548902e+000	0.00000000e+000	
1.05631946e+000	0.00000000e+000	
1.05714990e+000	0.00000000e+000	
1.05798034e+000	0.00000000e+000	
1.05881078e+000	0.00000000e+000	
1.05964122e+000	0.00000000e+000	
1.06047166e+000	0.00000000e+000	
1.06130210e+000	0.00000000e+000	
1.06213254e+000	0.00000000e+000	
1.06296298e+000	0.00000000e+000	
1.06379342e+000	0.00000000e+000	
1.06462386e+000	0.00000000e+000	
1.06545430e+000	0.00000000e+000	
1.06628474e+000	0.00000000e+000	
1.06711518e+000	0.00000000e+000	
1.06794562e+000	0.00000000e+000	
1.06877606e+000	0.00000000e+000	
1.06960650e+000	0.00000000e+000	
1.07043694e+000	0.00000000e+000	
1.07126738e+000	0.00000000e+000	
1.07209782e+000	0.00000000e+000	
1.07292826e+000	0.00000000e+000	
1.07375870e+000	0.00000000e+000	
1.07458914e+000	0.00000000e+000	
1.07541958e+000	0.00000000e+000	
1.07625002e+000	0.00000000e+000	
1.07708046e+000	0.00000000e+000	
1.07791090e+000	0.00000000e+000	
1.07874134e+000	0.00000000e+000	
1.07957178e+000	0.00000000e+000	
1.08040222e+000	0.00000000e+000	
1.08123266e+000	0.00000000e+000	
1.08206310e+000	0.00000000e+000	
1.08289354e+000	0.00000000e+000	
1.08372398e+000	0.00000000e+000	
1.08455442e+000	0.00000000e+000	
1.08538486e+000	0.00000000e+000	
1.08621530e+000	0.00000000e+000	
1.08704574e+000	0.00000000e+000	
1.08787618e+000	0.00000000e+000	
1.08870662e+000	0.00000000e+000	
1.08953706e+000	0.00000000e+000	
1.09036750e+000	0.00000000e+000	
1.09119794e+000	0.00000000e+000	
1.09202838e+000	0.00000000e+000	
1.09285882e+000	0.00000000e+000	
1.09368926e+000	0.00000000e+000	
1.09451970e+000	0.00000000e+000	
1.09535014e+000	0.00000000e+000	
1.09618058e+000	0.00000000e+000	
1.09701102e+000	0.00000000e+000	
1.09784146e+000	0.00000000e+000	
1.09867190e+000	0.00000000e+000	
1.09950234e+000	0.00000000e+000	
1.10033278e+000	0.00000000e+000	
1.10116321e+000	0.00000000e+000	
1.10199365e+000	0.00000000e+000	
1.10282409e+000	0.00000000e+000	
1.10365453e+000	0.00000000e+000	
1.10448497e+000	0.00000000e+000	
1.10531541e+000	0.00000000e+000	
1.10614585e+000	0.00000000e+000	
1.10697629e+000	0.00000000e+000	
1.10780673e+000	0.00000000e+000	
1.10863717e+000	0.00000000e+000	
1.10946761e+000	0.00000000e+000	
1.11029805e+000	0.00000000e+000	
1.11112849e+000	0.00000000e+000	
1.11195893e+000	0.00000000e+000	
1.11278937e+000	0.00000000e+000	
1.11361981e+000	0.00000000e+000	
1.11445025e+000	0.00000000e+000	
1.11528069e+000	0.00000000e+000	
1.11611113e+000	0.00000000e+000	
1.11694157e+000	0.00000000e+000	
1.11777201e+000	0.00000000e+000	
1.11860245e+000	0.00000000e+000	
1.11943289e+000	0.00000000e+000	
1.12026333e+000	0.00000000e+000	
1.12109377e+000	0.00000000e+000	
1.12192421e+000	0.00000000e+000	
1.12275465e+000	0.00000000e+000	
1.12358509e+000	0.00000000e+000	
1.12441553e+000	0.00000000e+000	
1.12524597e+000	0.00000000e+000	
1.12607641e+000	0.00000000e+000	
1.12690685e+000	0.00000000e+000	
1.12773729e+000	0.00000000e+000	
1.12856773e+000	0.00000000e+000	
1.12939817e+000	0.00000000e+000	
1.13022861e+000	0.00000000e+000	
1.13105905e+000	0.00000000e+000	
1.13188949e+000	0.00000000e+000	
1.13271993e+000	0.00000000e+000	
1.13355037e+000	0.00000000e+000	
1.13438081e+000	0.00000000e+000	
1.13521125e+000	0.00000000e+000	
1.13604169e+000	0.00000000e+000	
1.13687213e+000	0.00000000e+000	
1.13770257e+000	0.00000000e+000	
1.13853301e+000	0.00000000e+000	
1.13936345e+000	0.00000000e+000	
1.14019389e+000	0.00000000e+000	
1.14102433e+000	0.00000000e+000	
1.14185477e+000	0.00000000e+000	
1.14268521e+000	0.00000000e+000	
1.14351565e+000	0.00000000e+000	
1.14434609e+000	0.00000000e+000	
1.14517653e+000	0.00000000e+000	
1.14600697e+000	0.00000000e+000	
1.14683741e+000	0.00000000e+000	
1.14766785e+000	0.00000000e+000	
1.14849829e+000	0.00000000e+000	
1.14932873e+000	0.00000000e+000	
1.15015916e+000	0.00000000e+000	
1.15098960e+000	0.00000000e+000	
1.15182004e+000	0.00000000e+000	
1.15265048e+000	0.00000000e+000	
1.15348092e+000	0.00000000e+000	
1.15431136e+000	0.00000000e+000	
1.15514180e+000	0.00000000e+000	
1.15597224e+000	0.00000000e+000	
1.15680268e+000	0.00000000e+000	
1.15763312e+000	0.00000000e+000	
1.15846356e+000	0.00000000e+000	
1.15929400e+000	0.00000000e+000	
1.16012444e+000	0.00000000e+000	
1.16095488e+000	0.00000000e+000	
1.16178532e+000	0.00000000e+000	
1.16261576e+000	0.00000000e+000	
1.16344620e+000	0.00000000e+000	
1.16427664e+000	0.00000000e+000	
1.16510708e+000	0.00000000e+000	
1.16593752e+000	0.00000000e+000	
1.16676796e+000	0.00000000e+000	
1.16759840e+000	0.00000000e+000	
1.16842884e+000	0.00000000e+000	
1.16925928e+000	0.00000000e+000	
1.17008972e+000	0.00000000e+000	
1.17092016e+000	0.00000000e+000	
1.17175060e+000	0.00000000e+000	
1.17258104e+000	0.00000000e+000	
1.17341148e+000	0.00000000e+000	
1.17424192e+000	0.00000000e+000	
1.17507236e+000	0.00000000e+000	
1.17590280e+000	0.00000000e+000	
1.17673324e+000	0.00000000e+000	
1.17756368e+000	0.00000000e+000	
1.17839412e+000	0.00000000e+000	
1.17922456e+000	0.00000000e+000	
1.18005500e+000	0.00000000e+000	
1.18088544e+000	0.00000000e+000	
1.18171588e+000	0.00000000e+000	
1.18254632e+000	0.00000000e+000	
1.18337676e+000	0.00000000e+000	
1.18420720e+000	0.00000000e+000	
1.18503764e+000	0.00000000e+000	
1.18586808e+000	0.00000000e+000	
1.18669852e+000	0.00000000e+000	
1.18752896e+000	0.00000000e+000	
1.18835940e+000	0.00000000e+000	
1.18918984e+000	0.00000000e+000	
1.19002028e+000	0.00000000e+000	
1.19085072e+000	0.00000000e+000	
1.19168116e+000	0.00000000e+000	
1.19251160e+000	0.00000000e+000	
1.19334204e+000	0.00000000e+000	
1.19417248e+000	0.00000000e+000	
1.19500292e+000	0.00000000e+000	
1.19583336e+000	0.00000000e+000	
1.19666380e+000	0.00000000e+000	
1.19749424e+000	0.00000000e+000	
1.19832468e+000	0.00000000e+000	
1.19915511e+000	0.00000000e+000	
1.19998555e+000	0.00000000e+000	
1.20081599e+000	0.00000000e+000	
1.20164643e+000	0.00000000e+000	
1.20247687e+000	0.00000000e+000	
1.20330731e+000	0.00000000e+000	
1.20413775e+000	0.00000000e+000	
1.20496819e+000	0.00000000e+000	
1.20579863e+000	0.00000000e+000	
1.20662907e+000	0.00000000e+000	
1.20745951e+000	0.00000000e+000	
1.20828995e+000	0.00000000e+000	
1.20912039e+000	0.00000000e+000	
1.20995083e+000	0.00000000e+000	
1.21078127e+000	0.00000000e+000	
1.21161171e+000	0.00000000e+000	
1.21244215e+000	0.00000000e+000	
1.21327259e+000	0.00000000e+000	
1.21410303e+000	0.00000000e+000	
1.21493347e+000	0.00000000e+000	
1.21576391e+000	0.00000000e+000	
1.21659435e+000	0.00000000e+000	
1.21742479e+000	0.00000000e+000	
1.21825523e+000	0.00000000e+000	
1.21908567e+000	0.00000000e+000	
1.21991611e+000	0.00000000e+000	
1.22074655e+000	0.00000000e+000	
1.22157699e+000	0.00000000e+000	
1.22240743e+000	0.00000000e+000	
1.22323787e+000	0.00000000e+000	
1.22406831e+000	0.00000000e+000	
1.22489875e+000	0.00000000e+000	
1.22572919e+000	0.00000000e+000	
1.22655963e+000	0.00000000e+000	
1.22739007e+000	0.00000000e+000	
1.22822051e+000	0.00000000e+000	
1.22905095e+000	0.00000000e+000	
1.22988139e+000	0.00000000e+000	
1.23071183e+000	0.00000000e+000	
1.23154227e+000	0.00000000e+000	
1.23237271e+000	0.00000000e+000	
1.23320315e+000	0.00000000e+000	
1.23403359e+000	0.00000000e+000	
1.23486403e+000	0.00000000e+000	
1.23569447e+000	0.00000000e+000	
1.23652491e+000	0.00000000e+000	
1.23735535e+000	0.00000000e+000	
1.23818579e+000	0.00000000e+000	
1.23901623e+000	0.00000000e+000	
1.23984667e+000	0.00000000e+000	
1.24067711e+000	0.00000000e+000	
1.24150755e+000	0.00000000e+000	
1.24233799e+000	0.00000000e+000	
1.24316843e+000	0.00000000e+000	
1.24399887e+000	0.00000000e+000	
1.24482931e+000	0.00000000e+000	
